p cnf 21 64
-4 -9 0
-5 -15 0
-6 -21 0
-6 -8 0
-9 -13 0
-12 -18 0
-5 -9 0
-7 -15 0
-9 -21 0
-3 -7 0
-3 -11 0
-3 -15 0
-3 -8 0
-3 -13 0
-3 -18 0
-3 -9 0
-3 -15 0
-3 -21 0
-8 -9 0
-13 -15 0
-18 -21 0
-7 -8 0
-11 -13 0
-15 -18 0
-6 -7 0
-9 -11 0
-12 -15 0
-5 -6 0
-7 -9 0
-9 -12 0
-4 -5 0
-5 -7 0
-6 -9 0
-3 -4 0
-3 -5 0
-3 -6 0
9 15 21 0
-9 -15 0
-9 -21 0
-15 -21 0
8 13 18 0
-8 -13 0
-8 -18 0
-13 -18 0
7 11 15 0
-7 -11 0
-7 -15 0
-11 -15 0
6 9 12 0
-6 -9 0
-6 -12 0
-9 -12 0
5 7 9 0
-5 -7 0
-5 -9 0
-7 -9 0
4 5 6 0
-4 -5 0
-4 -6 0
-5 -6 0
3 3 3 0
-3 -3 0
-3 -3 0
-3 -3 0
