p cnf 28 97
-5 -10 0
-6 -16 0
-7 -22 0
-8 -28 0
-7 -9 0
-10 -14 0
-13 -19 0
-16 -24 0
-6 -10 0
-8 -16 0
-10 -22 0
-12 -28 0
-4 -8 0
-4 -12 0
-4 -16 0
-4 -20 0
-4 -9 0
-4 -14 0
-4 -19 0
-4 -24 0
-4 -10 0
-4 -16 0
-4 -22 0
-4 -28 0
-9 -10 0
-14 -16 0
-19 -22 0
-24 -28 0
-8 -9 0
-12 -14 0
-16 -19 0
-20 -24 0
-7 -8 0
-10 -12 0
-13 -16 0
-16 -20 0
-6 -7 0
-8 -10 0
-10 -13 0
-12 -16 0
-5 -6 0
-6 -8 0
-7 -10 0
-8 -12 0
-4 -5 0
-4 -6 0
-4 -7 0
-4 -8 0
10 16 22 28 0
-10 -16 0
-10 -22 0
-10 -28 0
-16 -22 0
-16 -28 0
-22 -28 0
9 14 19 24 0
-9 -14 0
-9 -19 0
-9 -24 0
-14 -19 0
-14 -24 0
-19 -24 0
8 12 16 20 0
-8 -12 0
-8 -16 0
-8 -20 0
-12 -16 0
-12 -20 0
-16 -20 0
7 10 13 16 0
-7 -10 0
-7 -13 0
-7 -16 0
-10 -13 0
-10 -16 0
-13 -16 0
6 8 10 12 0
-6 -8 0
-6 -10 0
-6 -12 0
-8 -10 0
-8 -12 0
-10 -12 0
5 6 7 8 0
-5 -6 0
-5 -7 0
-5 -8 0
-6 -7 0
-6 -8 0
-7 -8 0
4 4 4 4 0
-4 -4 0
-4 -4 0
-4 -4 0
-4 -4 0
-4 -4 0
-4 -4 0
