p cnf 150 1865
-52 -51 0
-101 -99 0
-150 -147 0
-52 -45 0
-101 -87 0
-150 -129 0
-52 -43 0
-101 -83 0
-150 -123 0
-52 -41 0
-101 -79 0
-150 -117 0
-52 -39 0
-101 -75 0
-150 -111 0
-52 -35 0
-101 -67 0
-150 -99 0
-52 -34 0
-101 -65 0
-150 -96 0
-52 -28 0
-101 -53 0
-150 -78 0
-52 -26 0
-101 -49 0
-150 -72 0
-52 -25 0
-101 -47 0
-150 -69 0
-52 -23 0
-101 -43 0
-150 -63 0
-52 -20 0
-101 -37 0
-150 -54 0
-52 -19 0
-101 -35 0
-150 -51 0
-52 -18 0
-101 -33 0
-150 -48 0
-52 -16 0
-101 -29 0
-150 -42 0
-52 -14 0
-101 -25 0
-150 -36 0
-52 -11 0
-101 -19 0
-150 -27 0
-52 -5 0
-101 -7 0
-150 -9 0
-51 -50 0
-99 -97 0
-147 -144 0
-51 -49 0
-99 -95 0
-147 -141 0
-51 -48 0
-99 -93 0
-147 -138 0
-51 -47 0
-99 -91 0
-147 -135 0
-51 -44 0
-99 -85 0
-147 -126 0
-51 -39 0
-99 -75 0
-147 -111 0
-51 -38 0
-99 -73 0
-147 -108 0
-51 -36 0
-99 -69 0
-147 -102 0
-51 -35 0
-99 -67 0
-147 -99 0
-51 -33 0
-99 -63 0
-147 -93 0
-51 -32 0
-99 -61 0
-147 -90 0
-51 -29 0
-99 -55 0
-147 -81 0
-51 -26 0
-99 -49 0
-147 -72 0
-51 -23 0
-99 -43 0
-147 -63 0
-51 -22 0
-99 -41 0
-147 -60 0
-51 -16 0
-99 -29 0
-147 -42 0
-51 -14 0
-99 -25 0
-147 -36 0
-51 -10 0
-99 -17 0
-147 -24 0
-51 -9 0
-99 -15 0
-147 -21 0
-51 -8 0
-99 -13 0
-147 -18 0
-51 -5 0
-99 -7 0
-147 -9 0
-50 -48 0
-97 -93 0
-144 -138 0
-50 -47 0
-97 -91 0
-144 -135 0
-50 -46 0
-97 -89 0
-144 -132 0
-50 -43 0
-97 -83 0
-144 -123 0
-50 -42 0
-97 -81 0
-144 -120 0
-50 -41 0
-97 -79 0
-144 -117 0
-50 -40 0
-97 -77 0
-144 -114 0
-50 -38 0
-97 -73 0
-144 -108 0
-50 -36 0
-97 -69 0
-144 -102 0
-50 -35 0
-97 -67 0
-144 -99 0
-50 -33 0
-97 -63 0
-144 -93 0
-50 -32 0
-97 -61 0
-144 -90 0
-50 -31 0
-97 -59 0
-144 -87 0
-50 -29 0
-97 -55 0
-144 -81 0
-50 -27 0
-97 -51 0
-144 -75 0
-50 -22 0
-97 -41 0
-144 -60 0
-50 -20 0
-97 -37 0
-144 -54 0
-50 -19 0
-97 -35 0
-144 -51 0
-50 -18 0
-97 -33 0
-144 -48 0
-50 -15 0
-97 -27 0
-144 -39 0
-50 -10 0
-97 -17 0
-144 -24 0
-50 -9 0
-97 -15 0
-144 -21 0
-50 -8 0
-97 -13 0
-144 -18 0
-50 -7 0
-97 -11 0
-144 -15 0
-50 -6 0
-97 -9 0
-144 -12 0
-50 -3 0
-97 -3 0
-144 -3 0
-49 -48 0
-95 -93 0
-141 -138 0
-49 -47 0
-95 -91 0
-141 -135 0
-49 -42 0
-95 -81 0
-141 -120 0
-49 -41 0
-95 -79 0
-141 -117 0
-49 -37 0
-95 -71 0
-141 -105 0
-49 -36 0
-95 -69 0
-141 -102 0
-49 -33 0
-95 -63 0
-141 -93 0
-49 -32 0
-95 -61 0
-141 -90 0
-49 -31 0
-95 -59 0
-141 -87 0
-49 -29 0
-95 -55 0
-141 -81 0
-49 -22 0
-95 -41 0
-141 -60 0
-49 -16 0
-95 -29 0
-141 -42 0
-49 -12 0
-95 -21 0
-141 -30 0
-49 -10 0
-95 -17 0
-141 -24 0
-49 -9 0
-95 -15 0
-141 -21 0
-49 -8 0
-95 -13 0
-141 -18 0
-49 -5 0
-95 -7 0
-141 -9 0
-48 -47 0
-93 -91 0
-138 -135 0
-48 -46 0
-93 -89 0
-138 -132 0
-48 -43 0
-93 -83 0
-138 -123 0
-48 -42 0
-93 -81 0
-138 -120 0
-48 -40 0
-93 -77 0
-138 -114 0
-48 -39 0
-93 -75 0
-138 -111 0
-48 -38 0
-93 -73 0
-138 -108 0
-48 -37 0
-93 -71 0
-138 -105 0
-48 -36 0
-93 -69 0
-138 -102 0
-48 -33 0
-93 -63 0
-138 -93 0
-48 -32 0
-93 -61 0
-138 -90 0
-48 -31 0
-93 -59 0
-138 -87 0
-48 -29 0
-93 -55 0
-138 -81 0
-48 -27 0
-93 -51 0
-138 -75 0
-48 -22 0
-93 -41 0
-138 -60 0
-48 -19 0
-93 -35 0
-138 -51 0
-48 -16 0
-93 -29 0
-138 -42 0
-48 -15 0
-93 -27 0
-138 -39 0
-48 -13 0
-93 -23 0
-138 -33 0
-48 -12 0
-93 -21 0
-138 -30 0
-48 -11 0
-93 -19 0
-138 -27 0
-48 -10 0
-93 -17 0
-138 -24 0
-48 -9 0
-93 -15 0
-138 -21 0
-48 -7 0
-93 -11 0
-138 -15 0
-47 -44 0
-91 -85 0
-135 -126 0
-47 -43 0
-91 -83 0
-135 -123 0
-47 -36 0
-91 -69 0
-135 -102 0
-47 -35 0
-91 -67 0
-135 -99 0
-47 -34 0
-91 -65 0
-135 -96 0
-47 -33 0
-91 -63 0
-135 -93 0
-47 -29 0
-91 -55 0
-135 -81 0
-47 -28 0
-91 -53 0
-135 -78 0
-47 -26 0
-91 -49 0
-135 -72 0
-47 -23 0
-91 -43 0
-135 -63 0
-47 -22 0
-91 -41 0
-135 -60 0
-47 -21 0
-91 -39 0
-135 -57 0
-47 -20 0
-91 -37 0
-135 -54 0
-47 -19 0
-91 -35 0
-135 -51 0
-47 -18 0
-91 -33 0
-135 -48 0
-47 -16 0
-91 -29 0
-135 -42 0
-47 -14 0
-91 -25 0
-135 -36 0
-47 -13 0
-91 -23 0
-135 -33 0
-47 -11 0
-91 -19 0
-135 -27 0
-47 -10 0
-91 -17 0
-135 -24 0
-47 -9 0
-91 -15 0
-135 -21 0
-47 -3 0
-91 -3 0
-135 -3 0
-46 -45 0
-89 -87 0
-132 -129 0
-46 -44 0
-89 -85 0
-132 -126 0
-46 -42 0
-89 -81 0
-132 -120 0
-46 -38 0
-89 -73 0
-132 -108 0
-46 -34 0
-89 -65 0
-132 -96 0
-46 -33 0
-89 -63 0
-132 -93 0
-46 -32 0
-89 -61 0
-132 -90 0
-46 -31 0
-89 -59 0
-132 -87 0
-46 -30 0
-89 -57 0
-132 -84 0
-46 -27 0
-89 -51 0
-132 -75 0
-46 -24 0
-89 -45 0
-132 -66 0
-46 -21 0
-89 -39 0
-132 -57 0
-46 -20 0
-89 -37 0
-132 -54 0
-46 -17 0
-89 -31 0
-132 -45 0
-46 -15 0
-89 -27 0
-132 -39 0
-46 -13 0
-89 -23 0
-132 -33 0
-46 -12 0
-89 -21 0
-132 -30 0
-46 -3 0
-89 -3 0
-132 -3 0
-45 -43 0
-87 -83 0
-129 -123 0
-45 -42 0
-87 -81 0
-129 -120 0
-45 -37 0
-87 -71 0
-129 -105 0
-45 -30 0
-87 -57 0
-129 -84 0
-45 -28 0
-87 -53 0
-129 -78 0
-45 -27 0
-87 -51 0
-129 -75 0
-45 -25 0
-87 -47 0
-129 -69 0
-45 -24 0
-87 -45 0
-129 -66 0
-45 -23 0
-87 -43 0
-129 -63 0
-45 -21 0
-87 -39 0
-129 -57 0
-45 -18 0
-87 -33 0
-129 -48 0
-45 -17 0
-87 -31 0
-129 -45 0
-45 -15 0
-87 -27 0
-129 -39 0
-45 -13 0
-87 -23 0
-129 -33 0
-45 -8 0
-87 -13 0
-129 -18 0
-45 -7 0
-87 -11 0
-129 -15 0
-45 -6 0
-87 -9 0
-129 -12 0
-45 -5 0
-87 -7 0
-129 -9 0
-44 -42 0
-85 -81 0
-126 -120 0
-44 -38 0
-85 -73 0
-126 -108 0
-44 -37 0
-85 -71 0
-126 -105 0
-44 -34 0
-85 -65 0
-126 -96 0
-44 -32 0
-85 -61 0
-126 -90 0
-44 -31 0
-85 -59 0
-126 -87 0
-44 -29 0
-85 -55 0
-126 -81 0
-44 -28 0
-85 -53 0
-126 -78 0
-44 -27 0
-85 -51 0
-126 -75 0
-44 -26 0
-85 -49 0
-126 -72 0
-44 -25 0
-85 -47 0
-126 -69 0
-44 -22 0
-85 -41 0
-126 -60 0
-44 -21 0
-85 -39 0
-126 -57 0
-44 -20 0
-85 -37 0
-126 -54 0
-44 -13 0
-85 -23 0
-126 -33 0
-44 -12 0
-85 -21 0
-126 -30 0
-44 -3 0
-85 -3 0
-126 -3 0
-43 -41 0
-83 -79 0
-123 -117 0
-43 -40 0
-83 -77 0
-123 -114 0
-43 -35 0
-83 -67 0
-123 -99 0
-43 -34 0
-83 -65 0
-123 -96 0
-43 -33 0
-83 -63 0
-123 -93 0
-43 -29 0
-83 -55 0
-123 -81 0
-43 -27 0
-83 -51 0
-123 -75 0
-43 -26 0
-83 -49 0
-123 -72 0
-43 -20 0
-83 -37 0
-123 -54 0
-43 -19 0
-83 -35 0
-123 -51 0
-43 -16 0
-83 -29 0
-123 -42 0
-43 -15 0
-83 -27 0
-123 -39 0
-43 -14 0
-83 -25 0
-123 -36 0
-43 -11 0
-83 -19 0
-123 -27 0
-43 -8 0
-83 -13 0
-123 -18 0
-43 -5 0
-83 -7 0
-123 -9 0
-42 -39 0
-81 -75 0
-120 -111 0
-42 -37 0
-81 -71 0
-120 -105 0
-42 -36 0
-81 -69 0
-120 -102 0
-42 -32 0
-81 -61 0
-120 -90 0
-42 -30 0
-81 -57 0
-120 -84 0
-42 -28 0
-81 -53 0
-120 -78 0
-42 -25 0
-81 -47 0
-120 -69 0
-42 -22 0
-81 -41 0
-120 -60 0
-42 -21 0
-81 -39 0
-120 -57 0
-42 -17 0
-81 -31 0
-120 -45 0
-42 -15 0
-81 -27 0
-120 -39 0
-42 -12 0
-81 -21 0
-120 -30 0
-42 -10 0
-81 -17 0
-120 -24 0
-42 -9 0
-81 -15 0
-120 -21 0
-42 -7 0
-81 -11 0
-120 -15 0
-42 -6 0
-81 -9 0
-120 -12 0
-42 -3 0
-81 -3 0
-120 -3 0
-41 -40 0
-79 -77 0
-117 -114 0
-41 -39 0
-79 -75 0
-117 -111 0
-41 -35 0
-79 -67 0
-117 -99 0
-41 -34 0
-79 -65 0
-117 -96 0
-41 -28 0
-79 -53 0
-117 -78 0
-41 -26 0
-79 -49 0
-117 -72 0
-41 -24 0
-79 -45 0
-117 -66 0
-41 -23 0
-79 -43 0
-117 -63 0
-41 -20 0
-79 -37 0
-117 -54 0
-41 -19 0
-79 -35 0
-117 -51 0
-41 -18 0
-79 -33 0
-117 -48 0
-41 -16 0
-79 -29 0
-117 -42 0
-41 -14 0
-79 -25 0
-117 -36 0
-41 -11 0
-79 -19 0
-117 -27 0
-41 -8 0
-79 -13 0
-117 -18 0
-41 -7 0
-79 -11 0
-117 -15 0
-41 -5 0
-79 -7 0
-117 -9 0
-40 -36 0
-77 -69 0
-114 -102 0
-40 -35 0
-77 -67 0
-114 -99 0
-40 -34 0
-77 -65 0
-114 -96 0
-40 -33 0
-77 -63 0
-114 -93 0
-40 -32 0
-77 -61 0
-114 -90 0
-40 -29 0
-77 -55 0
-114 -81 0
-40 -28 0
-77 -53 0
-114 -78 0
-40 -27 0
-77 -51 0
-114 -75 0
-40 -22 0
-77 -41 0
-114 -60 0
-40 -20 0
-77 -37 0
-114 -54 0
-40 -19 0
-77 -35 0
-114 -51 0
-40 -18 0
-77 -33 0
-114 -48 0
-40 -15 0
-77 -27 0
-114 -39 0
-40 -14 0
-77 -25 0
-114 -36 0
-40 -11 0
-77 -19 0
-114 -27 0
-40 -8 0
-77 -13 0
-114 -18 0
-40 -7 0
-77 -11 0
-114 -15 0
-40 -6 0
-77 -9 0
-114 -12 0
-40 -5 0
-77 -7 0
-114 -9 0
-39 -37 0
-75 -71 0
-111 -105 0
-39 -36 0
-75 -69 0
-111 -102 0
-39 -33 0
-75 -63 0
-111 -93 0
-39 -32 0
-75 -61 0
-111 -90 0
-39 -31 0
-75 -59 0
-111 -87 0
-39 -29 0
-75 -55 0
-111 -81 0
-39 -22 0
-75 -41 0
-111 -60 0
-39 -16 0
-75 -29 0
-111 -42 0
-39 -10 0
-75 -17 0
-111 -24 0
-39 -9 0
-75 -15 0
-111 -21 0
-39 -8 0
-75 -13 0
-111 -18 0
-39 -5 0
-75 -7 0
-111 -9 0
-38 -36 0
-73 -69 0
-108 -102 0
-38 -34 0
-73 -65 0
-108 -96 0
-38 -33 0
-73 -63 0
-108 -93 0
-38 -29 0
-73 -55 0
-108 -81 0
-38 -28 0
-73 -53 0
-108 -78 0
-38 -26 0
-73 -49 0
-108 -72 0
-38 -25 0
-73 -47 0
-108 -69 0
-38 -23 0
-73 -43 0
-108 -63 0
-38 -22 0
-73 -41 0
-108 -60 0
-38 -21 0
-73 -39 0
-108 -57 0
-38 -20 0
-73 -37 0
-108 -54 0
-38 -19 0
-73 -35 0
-108 -51 0
-38 -18 0
-73 -33 0
-108 -48 0
-38 -16 0
-73 -29 0
-108 -42 0
-38 -14 0
-73 -25 0
-108 -36 0
-38 -13 0
-73 -23 0
-108 -33 0
-38 -12 0
-73 -21 0
-108 -30 0
-38 -11 0
-73 -19 0
-108 -27 0
-38 -10 0
-73 -17 0
-108 -24 0
-38 -9 0
-73 -15 0
-108 -21 0
-38 -3 0
-73 -3 0
-108 -3 0
-37 -33 0
-71 -63 0
-105 -93 0
-37 -32 0
-71 -61 0
-105 -90 0
-37 -31 0
-71 -59 0
-105 -87 0
-37 -30 0
-71 -57 0
-105 -84 0
-37 -27 0
-71 -51 0
-105 -75 0
-37 -25 0
-71 -47 0
-105 -69 0
-37 -23 0
-71 -43 0
-105 -63 0
-37 -15 0
-71 -27 0
-105 -39 0
-37 -13 0
-71 -23 0
-105 -33 0
-37 -12 0
-71 -21 0
-105 -30 0
-37 -9 0
-71 -15 0
-105 -21 0
-37 -8 0
-71 -13 0
-105 -18 0
-37 -5 0
-71 -7 0
-105 -9 0
-37 -4 0
-71 -5 0
-105 -6 0
-36 -33 0
-69 -63 0
-102 -93 0
-36 -32 0
-69 -61 0
-102 -90 0
-36 -31 0
-69 -59 0
-102 -87 0
-36 -29 0
-69 -55 0
-102 -81 0
-36 -27 0
-69 -51 0
-102 -75 0
-36 -20 0
-69 -37 0
-102 -54 0
-36 -19 0
-69 -35 0
-102 -51 0
-36 -15 0
-69 -27 0
-102 -39 0
-36 -13 0
-69 -23 0
-102 -33 0
-36 -12 0
-69 -21 0
-102 -30 0
-36 -11 0
-69 -19 0
-102 -27 0
-36 -9 0
-69 -15 0
-102 -21 0
-35 -34 0
-67 -65 0
-99 -96 0
-35 -30 0
-67 -57 0
-99 -84 0
-35 -29 0
-67 -55 0
-99 -81 0
-35 -28 0
-67 -53 0
-99 -78 0
-35 -26 0
-67 -49 0
-99 -72 0
-35 -24 0
-67 -45 0
-99 -66 0
-35 -23 0
-67 -43 0
-99 -63 0
-35 -19 0
-67 -35 0
-99 -51 0
-35 -18 0
-67 -33 0
-99 -48 0
-35 -17 0
-67 -31 0
-99 -45 0
-35 -16 0
-67 -29 0
-99 -42 0
-35 -14 0
-67 -25 0
-99 -36 0
-35 -11 0
-67 -19 0
-99 -27 0
-35 -8 0
-67 -13 0
-99 -18 0
-34 -30 0
-65 -57 0
-96 -84 0
-34 -29 0
-65 -55 0
-96 -81 0
-34 -28 0
-65 -53 0
-96 -78 0
-34 -27 0
-65 -51 0
-96 -75 0
-34 -24 0
-65 -45 0
-96 -66 0
-34 -22 0
-65 -41 0
-96 -60 0
-34 -21 0
-65 -39 0
-96 -57 0
-34 -20 0
-65 -37 0
-96 -54 0
-34 -19 0
-65 -35 0
-96 -51 0
-34 -18 0
-65 -33 0
-96 -48 0
-34 -17 0
-65 -31 0
-96 -45 0
-34 -15 0
-65 -27 0
-96 -39 0
-34 -13 0
-65 -23 0
-96 -33 0
-34 -12 0
-65 -21 0
-96 -30 0
-34 -6 0
-65 -9 0
-96 -12 0
-34 -3 0
-65 -3 0
-96 -3 0
-33 -32 0
-63 -61 0
-93 -90 0
-33 -22 0
-63 -41 0
-93 -60 0
-33 -21 0
-63 -39 0
-93 -57 0
-33 -20 0
-63 -37 0
-93 -54 0
-33 -15 0
-63 -27 0
-93 -39 0
-33 -12 0
-63 -21 0
-93 -30 0
-33 -11 0
-63 -19 0
-93 -27 0
-33 -10 0
-63 -17 0
-93 -24 0
-33 -9 0
-63 -15 0
-93 -21 0
-33 -7 0
-63 -11 0
-93 -15 0
-33 -6 0
-63 -9 0
-93 -12 0
-32 -31 0
-61 -59 0
-90 -87 0
-32 -29 0
-61 -55 0
-90 -81 0
-32 -27 0
-61 -51 0
-90 -75 0
-32 -22 0
-61 -41 0
-90 -60 0
-32 -21 0
-61 -39 0
-90 -57 0
-32 -19 0
-61 -35 0
-90 -51 0
-32 -15 0
-61 -27 0
-90 -39 0
-32 -13 0
-61 -23 0
-90 -33 0
-32 -12 0
-61 -21 0
-90 -30 0
-32 -11 0
-61 -19 0
-90 -27 0
-32 -10 0
-61 -17 0
-90 -24 0
-32 -9 0
-61 -15 0
-90 -21 0
-32 -7 0
-61 -11 0
-90 -15 0
-32 -4 0
-61 -5 0
-90 -6 0
-31 -25 0
-59 -47 0
-87 -69 0
-31 -23 0
-59 -43 0
-87 -63 0
-31 -22 0
-59 -41 0
-87 -60 0
-31 -21 0
-59 -39 0
-87 -57 0
-31 -15 0
-59 -27 0
-87 -39 0
-31 -12 0
-59 -21 0
-87 -30 0
-31 -10 0
-59 -17 0
-87 -24 0
-31 -9 0
-59 -15 0
-87 -21 0
-31 -4 0
-59 -5 0
-87 -6 0
-31 -3 0
-59 -3 0
-87 -3 0
-30 -28 0
-57 -53 0
-84 -78 0
-30 -27 0
-57 -51 0
-84 -75 0
-30 -25 0
-57 -47 0
-84 -69 0
-30 -23 0
-57 -43 0
-84 -63 0
-30 -21 0
-57 -39 0
-84 -57 0
-30 -20 0
-57 -37 0
-84 -54 0
-30 -18 0
-57 -33 0
-84 -48 0
-30 -15 0
-57 -27 0
-84 -39 0
-30 -14 0
-57 -25 0
-84 -36 0
-30 -13 0
-57 -23 0
-84 -33 0
-30 -12 0
-57 -21 0
-84 -30 0
-30 -8 0
-57 -13 0
-84 -18 0
-30 -7 0
-57 -11 0
-84 -15 0
-30 -6 0
-57 -9 0
-84 -12 0
-30 -4 0
-57 -5 0
-84 -6 0
-30 -3 0
-57 -3 0
-84 -3 0
-29 -28 0
-55 -53 0
-81 -78 0
-29 -26 0
-55 -49 0
-81 -72 0
-29 -23 0
-55 -43 0
-81 -63 0
-29 -22 0
-55 -41 0
-81 -60 0
-29 -21 0
-55 -39 0
-81 -57 0
-29 -20 0
-55 -37 0
-81 -54 0
-29 -18 0
-55 -33 0
-81 -48 0
-29 -16 0
-55 -29 0
-81 -42 0
-29 -14 0
-55 -25 0
-81 -36 0
-29 -11 0
-55 -19 0
-81 -27 0
-29 -10 0
-55 -17 0
-81 -24 0
-29 -9 0
-55 -15 0
-81 -21 0
-29 -3 0
-55 -3 0
-81 -3 0
-28 -27 0
-53 -51 0
-78 -75 0
-28 -26 0
-53 -49 0
-78 -72 0
-28 -25 0
-53 -47 0
-78 -69 0
-28 -24 0
-53 -45 0
-78 -66 0
-28 -21 0
-53 -39 0
-78 -57 0
-28 -20 0
-53 -37 0
-78 -54 0
-28 -19 0
-53 -35 0
-78 -51 0
-28 -17 0
-53 -31 0
-78 -45 0
-28 -15 0
-53 -27 0
-78 -39 0
-28 -14 0
-53 -25 0
-78 -36 0
-28 -13 0
-53 -23 0
-78 -33 0
-28 -12 0
-53 -21 0
-78 -30 0
-28 -11 0
-53 -19 0
-78 -27 0
-28 -4 0
-53 -5 0
-78 -6 0
-28 -3 0
-53 -3 0
-78 -3 0
-27 -24 0
-51 -45 0
-75 -66 0
-27 -22 0
-51 -41 0
-75 -60 0
-27 -21 0
-51 -39 0
-75 -57 0
-27 -17 0
-51 -31 0
-75 -45 0
-27 -15 0
-51 -27 0
-75 -39 0
-27 -12 0
-51 -21 0
-75 -30 0
-27 -11 0
-51 -19 0
-75 -27 0
-27 -10 0
-51 -17 0
-75 -24 0
-27 -9 0
-51 -15 0
-75 -21 0
-27 -7 0
-51 -11 0
-75 -15 0
-27 -6 0
-51 -9 0
-75 -12 0
-27 -3 0
-51 -3 0
-75 -3 0
-26 -25 0
-49 -47 0
-72 -69 0
-26 -24 0
-49 -45 0
-72 -66 0
-26 -23 0
-49 -43 0
-72 -63 0
-26 -22 0
-49 -41 0
-72 -60 0
-26 -18 0
-49 -33 0
-72 -48 0
-26 -16 0
-49 -29 0
-72 -42 0
-26 -10 0
-49 -17 0
-72 -24 0
-26 -9 0
-49 -15 0
-72 -21 0
-26 -5 0
-49 -7 0
-72 -9 0
-25 -24 0
-47 -45 0
-69 -66 0
-25 -23 0
-47 -43 0
-69 -63 0
-25 -17 0
-47 -31 0
-69 -45 0
-25 -16 0
-47 -29 0
-69 -42 0
-25 -14 0
-47 -25 0
-69 -36 0
-25 -13 0
-47 -23 0
-69 -33 0
-25 -12 0
-47 -21 0
-69 -30 0
-25 -4 0
-47 -5 0
-69 -6 0
-25 -3 0
-47 -3 0
-69 -3 0
-24 -23 0
-45 -43 0
-66 -63 0
-24 -21 0
-45 -39 0
-66 -57 0
-24 -20 0
-45 -37 0
-66 -54 0
-24 -19 0
-45 -35 0
-66 -51 0
-24 -18 0
-45 -33 0
-66 -48 0
-24 -15 0
-45 -27 0
-66 -39 0
-24 -14 0
-45 -25 0
-66 -36 0
-24 -13 0
-45 -23 0
-66 -33 0
-24 -11 0
-45 -19 0
-66 -27 0
-24 -7 0
-45 -11 0
-66 -15 0
-24 -6 0
-45 -9 0
-66 -12 0
-24 -4 0
-45 -5 0
-66 -6 0
-24 -3 0
-45 -3 0
-66 -3 0
-23 -14 0
-43 -25 0
-63 -36 0
-23 -12 0
-43 -21 0
-63 -30 0
-23 -4 0
-43 -5 0
-63 -6 0
-23 -3 0
-43 -3 0
-63 -3 0
-22 -20 0
-41 -37 0
-60 -54 0
-22 -19 0
-41 -35 0
-60 -51 0
-22 -16 0
-41 -29 0
-60 -42 0
-22 -15 0
-41 -27 0
-60 -39 0
-22 -11 0
-41 -19 0
-60 -27 0
-22 -9 0
-41 -15 0
-60 -21 0
-22 -3 0
-41 -3 0
-60 -3 0
-21 -20 0
-39 -37 0
-57 -54 0
-21 -18 0
-39 -33 0
-57 -48 0
-21 -17 0
-39 -31 0
-57 -45 0
-21 -15 0
-39 -27 0
-57 -39 0
-21 -14 0
-39 -25 0
-57 -36 0
-21 -13 0
-39 -23 0
-57 -33 0
-21 -7 0
-39 -11 0
-57 -15 0
-21 -6 0
-39 -9 0
-57 -12 0
-20 -19 0
-37 -35 0
-54 -51 0
-20 -18 0
-37 -33 0
-54 -48 0
-20 -17 0
-37 -31 0
-54 -45 0
-20 -14 0
-37 -25 0
-54 -36 0
-20 -13 0
-37 -23 0
-54 -33 0
-20 -12 0
-37 -21 0
-54 -30 0
-20 -11 0
-37 -19 0
-54 -27 0
-20 -9 0
-37 -15 0
-54 -21 0
-20 -3 0
-37 -3 0
-54 -3 0
-19 -18 0
-35 -33 0
-51 -48 0
-19 -14 0
-35 -25 0
-51 -36 0
-19 -11 0
-35 -19 0
-51 -27 0
-19 -10 0
-35 -17 0
-51 -24 0
-19 -9 0
-35 -15 0
-51 -21 0
-19 -8 0
-35 -13 0
-51 -18 0
-19 -7 0
-35 -11 0
-51 -15 0
-19 -3 0
-35 -3 0
-51 -3 0
-18 -17 0
-33 -31 0
-48 -45 0
-18 -16 0
-33 -29 0
-48 -42 0
-18 -14 0
-33 -25 0
-48 -36 0
-18 -11 0
-33 -19 0
-48 -27 0
-18 -5 0
-33 -7 0
-48 -9 0
-18 -3 0
-33 -3 0
-48 -3 0
-17 -15 0
-31 -27 0
-45 -39 0
-17 -14 0
-31 -25 0
-45 -36 0
-17 -13 0
-31 -23 0
-45 -33 0
-17 -12 0
-31 -21 0
-45 -30 0
-17 -8 0
-31 -13 0
-45 -18 0
-17 -7 0
-31 -11 0
-45 -15 0
-17 -6 0
-31 -9 0
-45 -12 0
-17 -4 0
-31 -5 0
-45 -6 0
-17 -3 0
-31 -3 0
-45 -3 0
-16 -14 0
-29 -25 0
-42 -36 0
-16 -10 0
-29 -17 0
-42 -24 0
-16 -9 0
-29 -15 0
-42 -21 0
-16 -8 0
-29 -13 0
-42 -18 0
-16 -5 0
-29 -7 0
-42 -9 0
-15 -13 0
-27 -23 0
-39 -33 0
-15 -12 0
-27 -21 0
-39 -30 0
-15 -11 0
-27 -19 0
-39 -27 0
-15 -10 0
-27 -17 0
-39 -24 0
-15 -8 0
-27 -13 0
-39 -18 0
-15 -7 0
-27 -11 0
-39 -15 0
-15 -6 0
-27 -9 0
-39 -12 0
-15 -3 0
-27 -3 0
-39 -3 0
-14 -5 0
-25 -7 0
-36 -9 0
-14 -3 0
-25 -3 0
-36 -3 0
-13 -12 0
-23 -21 0
-33 -30 0
-13 -7 0
-23 -11 0
-33 -15 0
-13 -6 0
-23 -9 0
-33 -12 0
-13 -3 0
-23 -3 0
-33 -3 0
-12 -10 0
-21 -17 0
-30 -24 0
-12 -7 0
-21 -11 0
-30 -15 0
-12 -6 0
-21 -9 0
-30 -12 0
-12 -4 0
-21 -5 0
-30 -6 0
-11 -10 0
-19 -17 0
-27 -24 0
-11 -9 0
-19 -15 0
-27 -21 0
-11 -8 0
-19 -13 0
-27 -18 0
-11 -7 0
-19 -11 0
-27 -15 0
-11 -5 0
-19 -7 0
-27 -9 0
-11 -3 0
-19 -3 0
-27 -3 0
-10 -9 0
-17 -15 0
-24 -21 0
-10 -8 0
-17 -13 0
-24 -18 0
-10 -5 0
-17 -7 0
-24 -9 0
-10 -4 0
-17 -5 0
-24 -6 0
-9 -5 0
-15 -7 0
-21 -9 0
-8 -7 0
-13 -11 0
-18 -15 0
-8 -6 0
-13 -9 0
-18 -12 0
-8 -5 0
-13 -7 0
-18 -9 0
-8 -4 0
-13 -5 0
-18 -6 0
-7 -5 0
-11 -7 0
-15 -9 0
-7 -4 0
-11 -5 0
-15 -6 0
-6 -5 0
-9 -7 0
-12 -9 0
-6 -4 0
-9 -5 0
-12 -6 0
-5 -4 0
-7 -5 0
-9 -6 0
52 101 150 0
-52 -101 0
-52 -150 0
-101 -150 0
51 99 147 0
-51 -99 0
-51 -147 0
-99 -147 0
50 97 144 0
-50 -97 0
-50 -144 0
-97 -144 0
49 95 141 0
-49 -95 0
-49 -141 0
-95 -141 0
48 93 138 0
-48 -93 0
-48 -138 0
-93 -138 0
47 91 135 0
-47 -91 0
-47 -135 0
-91 -135 0
46 89 132 0
-46 -89 0
-46 -132 0
-89 -132 0
45 87 129 0
-45 -87 0
-45 -129 0
-87 -129 0
44 85 126 0
-44 -85 0
-44 -126 0
-85 -126 0
43 83 123 0
-43 -83 0
-43 -123 0
-83 -123 0
42 81 120 0
-42 -81 0
-42 -120 0
-81 -120 0
41 79 117 0
-41 -79 0
-41 -117 0
-79 -117 0
40 77 114 0
-40 -77 0
-40 -114 0
-77 -114 0
39 75 111 0
-39 -75 0
-39 -111 0
-75 -111 0
38 73 108 0
-38 -73 0
-38 -108 0
-73 -108 0
37 71 105 0
-37 -71 0
-37 -105 0
-71 -105 0
36 69 102 0
-36 -69 0
-36 -102 0
-69 -102 0
35 67 99 0
-35 -67 0
-35 -99 0
-67 -99 0
34 65 96 0
-34 -65 0
-34 -96 0
-65 -96 0
33 63 93 0
-33 -63 0
-33 -93 0
-63 -93 0
32 61 90 0
-32 -61 0
-32 -90 0
-61 -90 0
31 59 87 0
-31 -59 0
-31 -87 0
-59 -87 0
30 57 84 0
-30 -57 0
-30 -84 0
-57 -84 0
29 55 81 0
-29 -55 0
-29 -81 0
-55 -81 0
28 53 78 0
-28 -53 0
-28 -78 0
-53 -78 0
27 51 75 0
-27 -51 0
-27 -75 0
-51 -75 0
26 49 72 0
-26 -49 0
-26 -72 0
-49 -72 0
25 47 69 0
-25 -47 0
-25 -69 0
-47 -69 0
24 45 66 0
-24 -45 0
-24 -66 0
-45 -66 0
23 43 63 0
-23 -43 0
-23 -63 0
-43 -63 0
22 41 60 0
-22 -41 0
-22 -60 0
-41 -60 0
21 39 57 0
-21 -39 0
-21 -57 0
-39 -57 0
20 37 54 0
-20 -37 0
-20 -54 0
-37 -54 0
19 35 51 0
-19 -35 0
-19 -51 0
-35 -51 0
18 33 48 0
-18 -33 0
-18 -48 0
-33 -48 0
17 31 45 0
-17 -31 0
-17 -45 0
-31 -45 0
16 29 42 0
-16 -29 0
-16 -42 0
-29 -42 0
15 27 39 0
-15 -27 0
-15 -39 0
-27 -39 0
14 25 36 0
-14 -25 0
-14 -36 0
-25 -36 0
13 23 33 0
-13 -23 0
-13 -33 0
-23 -33 0
12 21 30 0
-12 -21 0
-12 -30 0
-21 -30 0
11 19 27 0
-11 -19 0
-11 -27 0
-19 -27 0
10 17 24 0
-10 -17 0
-10 -24 0
-17 -24 0
9 15 21 0
-9 -15 0
-9 -21 0
-15 -21 0
8 13 18 0
-8 -13 0
-8 -18 0
-13 -18 0
7 11 15 0
-7 -11 0
-7 -15 0
-11 -15 0
6 9 12 0
-6 -9 0
-6 -12 0
-9 -12 0
5 7 9 0
-5 -7 0
-5 -9 0
-7 -9 0
4 5 6 0
-4 -5 0
-4 -6 0
-5 -6 0
3 3 3 0
-3 -3 0
-3 -3 0
-3 -3 0
