p cnf 200 2570
-53 -52 0
-102 -100 0
-151 -148 0
-200 -196 0
-53 -46 0
-102 -88 0
-151 -130 0
-200 -172 0
-53 -44 0
-102 -84 0
-151 -124 0
-200 -164 0
-53 -42 0
-102 -80 0
-151 -118 0
-200 -156 0
-53 -40 0
-102 -76 0
-151 -112 0
-200 -148 0
-53 -36 0
-102 -68 0
-151 -100 0
-200 -132 0
-53 -35 0
-102 -66 0
-151 -97 0
-200 -128 0
-53 -29 0
-102 -54 0
-151 -79 0
-200 -104 0
-53 -27 0
-102 -50 0
-151 -73 0
-200 -96 0
-53 -26 0
-102 -48 0
-151 -70 0
-200 -92 0
-53 -24 0
-102 -44 0
-151 -64 0
-200 -84 0
-53 -21 0
-102 -38 0
-151 -55 0
-200 -72 0
-53 -20 0
-102 -36 0
-151 -52 0
-200 -68 0
-53 -19 0
-102 -34 0
-151 -49 0
-200 -64 0
-53 -17 0
-102 -30 0
-151 -43 0
-200 -56 0
-53 -15 0
-102 -26 0
-151 -37 0
-200 -48 0
-53 -12 0
-102 -20 0
-151 -28 0
-200 -36 0
-53 -6 0
-102 -8 0
-151 -10 0
-200 -12 0
-52 -51 0
-100 -98 0
-148 -145 0
-196 -192 0
-52 -50 0
-100 -96 0
-148 -142 0
-196 -188 0
-52 -49 0
-100 -94 0
-148 -139 0
-196 -184 0
-52 -48 0
-100 -92 0
-148 -136 0
-196 -180 0
-52 -45 0
-100 -86 0
-148 -127 0
-196 -168 0
-52 -40 0
-100 -76 0
-148 -112 0
-196 -148 0
-52 -39 0
-100 -74 0
-148 -109 0
-196 -144 0
-52 -37 0
-100 -70 0
-148 -103 0
-196 -136 0
-52 -36 0
-100 -68 0
-148 -100 0
-196 -132 0
-52 -34 0
-100 -64 0
-148 -94 0
-196 -124 0
-52 -33 0
-100 -62 0
-148 -91 0
-196 -120 0
-52 -30 0
-100 -56 0
-148 -82 0
-196 -108 0
-52 -27 0
-100 -50 0
-148 -73 0
-196 -96 0
-52 -24 0
-100 -44 0
-148 -64 0
-196 -84 0
-52 -23 0
-100 -42 0
-148 -61 0
-196 -80 0
-52 -17 0
-100 -30 0
-148 -43 0
-196 -56 0
-52 -15 0
-100 -26 0
-148 -37 0
-196 -48 0
-52 -11 0
-100 -18 0
-148 -25 0
-196 -32 0
-52 -10 0
-100 -16 0
-148 -22 0
-196 -28 0
-52 -9 0
-100 -14 0
-148 -19 0
-196 -24 0
-52 -6 0
-100 -8 0
-148 -10 0
-196 -12 0
-51 -49 0
-98 -94 0
-145 -139 0
-192 -184 0
-51 -48 0
-98 -92 0
-145 -136 0
-192 -180 0
-51 -47 0
-98 -90 0
-145 -133 0
-192 -176 0
-51 -44 0
-98 -84 0
-145 -124 0
-192 -164 0
-51 -43 0
-98 -82 0
-145 -121 0
-192 -160 0
-51 -42 0
-98 -80 0
-145 -118 0
-192 -156 0
-51 -41 0
-98 -78 0
-145 -115 0
-192 -152 0
-51 -39 0
-98 -74 0
-145 -109 0
-192 -144 0
-51 -37 0
-98 -70 0
-145 -103 0
-192 -136 0
-51 -36 0
-98 -68 0
-145 -100 0
-192 -132 0
-51 -34 0
-98 -64 0
-145 -94 0
-192 -124 0
-51 -33 0
-98 -62 0
-145 -91 0
-192 -120 0
-51 -32 0
-98 -60 0
-145 -88 0
-192 -116 0
-51 -30 0
-98 -56 0
-145 -82 0
-192 -108 0
-51 -28 0
-98 -52 0
-145 -76 0
-192 -100 0
-51 -23 0
-98 -42 0
-145 -61 0
-192 -80 0
-51 -21 0
-98 -38 0
-145 -55 0
-192 -72 0
-51 -20 0
-98 -36 0
-145 -52 0
-192 -68 0
-51 -19 0
-98 -34 0
-145 -49 0
-192 -64 0
-51 -16 0
-98 -28 0
-145 -40 0
-192 -52 0
-51 -11 0
-98 -18 0
-145 -25 0
-192 -32 0
-51 -10 0
-98 -16 0
-145 -22 0
-192 -28 0
-51 -9 0
-98 -14 0
-145 -19 0
-192 -24 0
-51 -8 0
-98 -12 0
-145 -16 0
-192 -20 0
-51 -7 0
-98 -10 0
-145 -13 0
-192 -16 0
-51 -4 0
-98 -4 0
-145 -4 0
-192 -4 0
-50 -49 0
-96 -94 0
-142 -139 0
-188 -184 0
-50 -48 0
-96 -92 0
-142 -136 0
-188 -180 0
-50 -43 0
-96 -82 0
-142 -121 0
-188 -160 0
-50 -42 0
-96 -80 0
-142 -118 0
-188 -156 0
-50 -38 0
-96 -72 0
-142 -106 0
-188 -140 0
-50 -37 0
-96 -70 0
-142 -103 0
-188 -136 0
-50 -34 0
-96 -64 0
-142 -94 0
-188 -124 0
-50 -33 0
-96 -62 0
-142 -91 0
-188 -120 0
-50 -32 0
-96 -60 0
-142 -88 0
-188 -116 0
-50 -30 0
-96 -56 0
-142 -82 0
-188 -108 0
-50 -23 0
-96 -42 0
-142 -61 0
-188 -80 0
-50 -17 0
-96 -30 0
-142 -43 0
-188 -56 0
-50 -13 0
-96 -22 0
-142 -31 0
-188 -40 0
-50 -11 0
-96 -18 0
-142 -25 0
-188 -32 0
-50 -10 0
-96 -16 0
-142 -22 0
-188 -28 0
-50 -9 0
-96 -14 0
-142 -19 0
-188 -24 0
-50 -6 0
-96 -8 0
-142 -10 0
-188 -12 0
-49 -48 0
-94 -92 0
-139 -136 0
-184 -180 0
-49 -47 0
-94 -90 0
-139 -133 0
-184 -176 0
-49 -44 0
-94 -84 0
-139 -124 0
-184 -164 0
-49 -43 0
-94 -82 0
-139 -121 0
-184 -160 0
-49 -41 0
-94 -78 0
-139 -115 0
-184 -152 0
-49 -40 0
-94 -76 0
-139 -112 0
-184 -148 0
-49 -39 0
-94 -74 0
-139 -109 0
-184 -144 0
-49 -38 0
-94 -72 0
-139 -106 0
-184 -140 0
-49 -37 0
-94 -70 0
-139 -103 0
-184 -136 0
-49 -34 0
-94 -64 0
-139 -94 0
-184 -124 0
-49 -33 0
-94 -62 0
-139 -91 0
-184 -120 0
-49 -32 0
-94 -60 0
-139 -88 0
-184 -116 0
-49 -30 0
-94 -56 0
-139 -82 0
-184 -108 0
-49 -28 0
-94 -52 0
-139 -76 0
-184 -100 0
-49 -23 0
-94 -42 0
-139 -61 0
-184 -80 0
-49 -20 0
-94 -36 0
-139 -52 0
-184 -68 0
-49 -17 0
-94 -30 0
-139 -43 0
-184 -56 0
-49 -16 0
-94 -28 0
-139 -40 0
-184 -52 0
-49 -14 0
-94 -24 0
-139 -34 0
-184 -44 0
-49 -13 0
-94 -22 0
-139 -31 0
-184 -40 0
-49 -12 0
-94 -20 0
-139 -28 0
-184 -36 0
-49 -11 0
-94 -18 0
-139 -25 0
-184 -32 0
-49 -10 0
-94 -16 0
-139 -22 0
-184 -28 0
-49 -8 0
-94 -12 0
-139 -16 0
-184 -20 0
-48 -45 0
-92 -86 0
-136 -127 0
-180 -168 0
-48 -44 0
-92 -84 0
-136 -124 0
-180 -164 0
-48 -37 0
-92 -70 0
-136 -103 0
-180 -136 0
-48 -36 0
-92 -68 0
-136 -100 0
-180 -132 0
-48 -35 0
-92 -66 0
-136 -97 0
-180 -128 0
-48 -34 0
-92 -64 0
-136 -94 0
-180 -124 0
-48 -30 0
-92 -56 0
-136 -82 0
-180 -108 0
-48 -29 0
-92 -54 0
-136 -79 0
-180 -104 0
-48 -27 0
-92 -50 0
-136 -73 0
-180 -96 0
-48 -24 0
-92 -44 0
-136 -64 0
-180 -84 0
-48 -23 0
-92 -42 0
-136 -61 0
-180 -80 0
-48 -22 0
-92 -40 0
-136 -58 0
-180 -76 0
-48 -21 0
-92 -38 0
-136 -55 0
-180 -72 0
-48 -20 0
-92 -36 0
-136 -52 0
-180 -68 0
-48 -19 0
-92 -34 0
-136 -49 0
-180 -64 0
-48 -17 0
-92 -30 0
-136 -43 0
-180 -56 0
-48 -15 0
-92 -26 0
-136 -37 0
-180 -48 0
-48 -14 0
-92 -24 0
-136 -34 0
-180 -44 0
-48 -12 0
-92 -20 0
-136 -28 0
-180 -36 0
-48 -11 0
-92 -18 0
-136 -25 0
-180 -32 0
-48 -10 0
-92 -16 0
-136 -22 0
-180 -28 0
-48 -4 0
-92 -4 0
-136 -4 0
-180 -4 0
-47 -46 0
-90 -88 0
-133 -130 0
-176 -172 0
-47 -45 0
-90 -86 0
-133 -127 0
-176 -168 0
-47 -43 0
-90 -82 0
-133 -121 0
-176 -160 0
-47 -39 0
-90 -74 0
-133 -109 0
-176 -144 0
-47 -35 0
-90 -66 0
-133 -97 0
-176 -128 0
-47 -34 0
-90 -64 0
-133 -94 0
-176 -124 0
-47 -33 0
-90 -62 0
-133 -91 0
-176 -120 0
-47 -32 0
-90 -60 0
-133 -88 0
-176 -116 0
-47 -31 0
-90 -58 0
-133 -85 0
-176 -112 0
-47 -28 0
-90 -52 0
-133 -76 0
-176 -100 0
-47 -25 0
-90 -46 0
-133 -67 0
-176 -88 0
-47 -22 0
-90 -40 0
-133 -58 0
-176 -76 0
-47 -21 0
-90 -38 0
-133 -55 0
-176 -72 0
-47 -18 0
-90 -32 0
-133 -46 0
-176 -60 0
-47 -16 0
-90 -28 0
-133 -40 0
-176 -52 0
-47 -14 0
-90 -24 0
-133 -34 0
-176 -44 0
-47 -13 0
-90 -22 0
-133 -31 0
-176 -40 0
-47 -4 0
-90 -4 0
-133 -4 0
-176 -4 0
-46 -44 0
-88 -84 0
-130 -124 0
-172 -164 0
-46 -43 0
-88 -82 0
-130 -121 0
-172 -160 0
-46 -38 0
-88 -72 0
-130 -106 0
-172 -140 0
-46 -31 0
-88 -58 0
-130 -85 0
-172 -112 0
-46 -29 0
-88 -54 0
-130 -79 0
-172 -104 0
-46 -28 0
-88 -52 0
-130 -76 0
-172 -100 0
-46 -26 0
-88 -48 0
-130 -70 0
-172 -92 0
-46 -25 0
-88 -46 0
-130 -67 0
-172 -88 0
-46 -24 0
-88 -44 0
-130 -64 0
-172 -84 0
-46 -22 0
-88 -40 0
-130 -58 0
-172 -76 0
-46 -19 0
-88 -34 0
-130 -49 0
-172 -64 0
-46 -18 0
-88 -32 0
-130 -46 0
-172 -60 0
-46 -16 0
-88 -28 0
-130 -40 0
-172 -52 0
-46 -14 0
-88 -24 0
-130 -34 0
-172 -44 0
-46 -9 0
-88 -14 0
-130 -19 0
-172 -24 0
-46 -8 0
-88 -12 0
-130 -16 0
-172 -20 0
-46 -7 0
-88 -10 0
-130 -13 0
-172 -16 0
-46 -6 0
-88 -8 0
-130 -10 0
-172 -12 0
-45 -43 0
-86 -82 0
-127 -121 0
-168 -160 0
-45 -39 0
-86 -74 0
-127 -109 0
-168 -144 0
-45 -38 0
-86 -72 0
-127 -106 0
-168 -140 0
-45 -35 0
-86 -66 0
-127 -97 0
-168 -128 0
-45 -33 0
-86 -62 0
-127 -91 0
-168 -120 0
-45 -32 0
-86 -60 0
-127 -88 0
-168 -116 0
-45 -30 0
-86 -56 0
-127 -82 0
-168 -108 0
-45 -29 0
-86 -54 0
-127 -79 0
-168 -104 0
-45 -28 0
-86 -52 0
-127 -76 0
-168 -100 0
-45 -27 0
-86 -50 0
-127 -73 0
-168 -96 0
-45 -26 0
-86 -48 0
-127 -70 0
-168 -92 0
-45 -23 0
-86 -42 0
-127 -61 0
-168 -80 0
-45 -22 0
-86 -40 0
-127 -58 0
-168 -76 0
-45 -21 0
-86 -38 0
-127 -55 0
-168 -72 0
-45 -14 0
-86 -24 0
-127 -34 0
-168 -44 0
-45 -13 0
-86 -22 0
-127 -31 0
-168 -40 0
-45 -4 0
-86 -4 0
-127 -4 0
-168 -4 0
-44 -42 0
-84 -80 0
-124 -118 0
-164 -156 0
-44 -41 0
-84 -78 0
-124 -115 0
-164 -152 0
-44 -36 0
-84 -68 0
-124 -100 0
-164 -132 0
-44 -35 0
-84 -66 0
-124 -97 0
-164 -128 0
-44 -34 0
-84 -64 0
-124 -94 0
-164 -124 0
-44 -30 0
-84 -56 0
-124 -82 0
-164 -108 0
-44 -28 0
-84 -52 0
-124 -76 0
-164 -100 0
-44 -27 0
-84 -50 0
-124 -73 0
-164 -96 0
-44 -21 0
-84 -38 0
-124 -55 0
-164 -72 0
-44 -20 0
-84 -36 0
-124 -52 0
-164 -68 0
-44 -17 0
-84 -30 0
-124 -43 0
-164 -56 0
-44 -16 0
-84 -28 0
-124 -40 0
-164 -52 0
-44 -15 0
-84 -26 0
-124 -37 0
-164 -48 0
-44 -12 0
-84 -20 0
-124 -28 0
-164 -36 0
-44 -9 0
-84 -14 0
-124 -19 0
-164 -24 0
-44 -6 0
-84 -8 0
-124 -10 0
-164 -12 0
-43 -40 0
-82 -76 0
-121 -112 0
-160 -148 0
-43 -38 0
-82 -72 0
-121 -106 0
-160 -140 0
-43 -37 0
-82 -70 0
-121 -103 0
-160 -136 0
-43 -33 0
-82 -62 0
-121 -91 0
-160 -120 0
-43 -31 0
-82 -58 0
-121 -85 0
-160 -112 0
-43 -29 0
-82 -54 0
-121 -79 0
-160 -104 0
-43 -26 0
-82 -48 0
-121 -70 0
-160 -92 0
-43 -23 0
-82 -42 0
-121 -61 0
-160 -80 0
-43 -22 0
-82 -40 0
-121 -58 0
-160 -76 0
-43 -18 0
-82 -32 0
-121 -46 0
-160 -60 0
-43 -16 0
-82 -28 0
-121 -40 0
-160 -52 0
-43 -13 0
-82 -22 0
-121 -31 0
-160 -40 0
-43 -11 0
-82 -18 0
-121 -25 0
-160 -32 0
-43 -10 0
-82 -16 0
-121 -22 0
-160 -28 0
-43 -8 0
-82 -12 0
-121 -16 0
-160 -20 0
-43 -7 0
-82 -10 0
-121 -13 0
-160 -16 0
-43 -4 0
-82 -4 0
-121 -4 0
-160 -4 0
-42 -41 0
-80 -78 0
-118 -115 0
-156 -152 0
-42 -40 0
-80 -76 0
-118 -112 0
-156 -148 0
-42 -36 0
-80 -68 0
-118 -100 0
-156 -132 0
-42 -35 0
-80 -66 0
-118 -97 0
-156 -128 0
-42 -29 0
-80 -54 0
-118 -79 0
-156 -104 0
-42 -27 0
-80 -50 0
-118 -73 0
-156 -96 0
-42 -25 0
-80 -46 0
-118 -67 0
-156 -88 0
-42 -24 0
-80 -44 0
-118 -64 0
-156 -84 0
-42 -21 0
-80 -38 0
-118 -55 0
-156 -72 0
-42 -20 0
-80 -36 0
-118 -52 0
-156 -68 0
-42 -19 0
-80 -34 0
-118 -49 0
-156 -64 0
-42 -17 0
-80 -30 0
-118 -43 0
-156 -56 0
-42 -15 0
-80 -26 0
-118 -37 0
-156 -48 0
-42 -12 0
-80 -20 0
-118 -28 0
-156 -36 0
-42 -9 0
-80 -14 0
-118 -19 0
-156 -24 0
-42 -8 0
-80 -12 0
-118 -16 0
-156 -20 0
-42 -6 0
-80 -8 0
-118 -10 0
-156 -12 0
-41 -37 0
-78 -70 0
-115 -103 0
-152 -136 0
-41 -36 0
-78 -68 0
-115 -100 0
-152 -132 0
-41 -35 0
-78 -66 0
-115 -97 0
-152 -128 0
-41 -34 0
-78 -64 0
-115 -94 0
-152 -124 0
-41 -33 0
-78 -62 0
-115 -91 0
-152 -120 0
-41 -30 0
-78 -56 0
-115 -82 0
-152 -108 0
-41 -29 0
-78 -54 0
-115 -79 0
-152 -104 0
-41 -28 0
-78 -52 0
-115 -76 0
-152 -100 0
-41 -23 0
-78 -42 0
-115 -61 0
-152 -80 0
-41 -21 0
-78 -38 0
-115 -55 0
-152 -72 0
-41 -20 0
-78 -36 0
-115 -52 0
-152 -68 0
-41 -19 0
-78 -34 0
-115 -49 0
-152 -64 0
-41 -16 0
-78 -28 0
-115 -40 0
-152 -52 0
-41 -15 0
-78 -26 0
-115 -37 0
-152 -48 0
-41 -12 0
-78 -20 0
-115 -28 0
-152 -36 0
-41 -9 0
-78 -14 0
-115 -19 0
-152 -24 0
-41 -8 0
-78 -12 0
-115 -16 0
-152 -20 0
-41 -7 0
-78 -10 0
-115 -13 0
-152 -16 0
-41 -6 0
-78 -8 0
-115 -10 0
-152 -12 0
-40 -38 0
-76 -72 0
-112 -106 0
-148 -140 0
-40 -37 0
-76 -70 0
-112 -103 0
-148 -136 0
-40 -34 0
-76 -64 0
-112 -94 0
-148 -124 0
-40 -33 0
-76 -62 0
-112 -91 0
-148 -120 0
-40 -32 0
-76 -60 0
-112 -88 0
-148 -116 0
-40 -30 0
-76 -56 0
-112 -82 0
-148 -108 0
-40 -23 0
-76 -42 0
-112 -61 0
-148 -80 0
-40 -17 0
-76 -30 0
-112 -43 0
-148 -56 0
-40 -11 0
-76 -18 0
-112 -25 0
-148 -32 0
-40 -10 0
-76 -16 0
-112 -22 0
-148 -28 0
-40 -9 0
-76 -14 0
-112 -19 0
-148 -24 0
-40 -6 0
-76 -8 0
-112 -10 0
-148 -12 0
-39 -37 0
-74 -70 0
-109 -103 0
-144 -136 0
-39 -35 0
-74 -66 0
-109 -97 0
-144 -128 0
-39 -34 0
-74 -64 0
-109 -94 0
-144 -124 0
-39 -30 0
-74 -56 0
-109 -82 0
-144 -108 0
-39 -29 0
-74 -54 0
-109 -79 0
-144 -104 0
-39 -27 0
-74 -50 0
-109 -73 0
-144 -96 0
-39 -26 0
-74 -48 0
-109 -70 0
-144 -92 0
-39 -24 0
-74 -44 0
-109 -64 0
-144 -84 0
-39 -23 0
-74 -42 0
-109 -61 0
-144 -80 0
-39 -22 0
-74 -40 0
-109 -58 0
-144 -76 0
-39 -21 0
-74 -38 0
-109 -55 0
-144 -72 0
-39 -20 0
-74 -36 0
-109 -52 0
-144 -68 0
-39 -19 0
-74 -34 0
-109 -49 0
-144 -64 0
-39 -17 0
-74 -30 0
-109 -43 0
-144 -56 0
-39 -15 0
-74 -26 0
-109 -37 0
-144 -48 0
-39 -14 0
-74 -24 0
-109 -34 0
-144 -44 0
-39 -13 0
-74 -22 0
-109 -31 0
-144 -40 0
-39 -12 0
-74 -20 0
-109 -28 0
-144 -36 0
-39 -11 0
-74 -18 0
-109 -25 0
-144 -32 0
-39 -10 0
-74 -16 0
-109 -22 0
-144 -28 0
-39 -4 0
-74 -4 0
-109 -4 0
-144 -4 0
-38 -34 0
-72 -64 0
-106 -94 0
-140 -124 0
-38 -33 0
-72 -62 0
-106 -91 0
-140 -120 0
-38 -32 0
-72 -60 0
-106 -88 0
-140 -116 0
-38 -31 0
-72 -58 0
-106 -85 0
-140 -112 0
-38 -28 0
-72 -52 0
-106 -76 0
-140 -100 0
-38 -26 0
-72 -48 0
-106 -70 0
-140 -92 0
-38 -24 0
-72 -44 0
-106 -64 0
-140 -84 0
-38 -16 0
-72 -28 0
-106 -40 0
-140 -52 0
-38 -14 0
-72 -24 0
-106 -34 0
-140 -44 0
-38 -13 0
-72 -22 0
-106 -31 0
-140 -40 0
-38 -10 0
-72 -16 0
-106 -22 0
-140 -28 0
-38 -9 0
-72 -14 0
-106 -19 0
-140 -24 0
-38 -6 0
-72 -8 0
-106 -10 0
-140 -12 0
-38 -5 0
-72 -6 0
-106 -7 0
-140 -8 0
-37 -34 0
-70 -64 0
-103 -94 0
-136 -124 0
-37 -33 0
-70 -62 0
-103 -91 0
-136 -120 0
-37 -32 0
-70 -60 0
-103 -88 0
-136 -116 0
-37 -30 0
-70 -56 0
-103 -82 0
-136 -108 0
-37 -28 0
-70 -52 0
-103 -76 0
-136 -100 0
-37 -21 0
-70 -38 0
-103 -55 0
-136 -72 0
-37 -20 0
-70 -36 0
-103 -52 0
-136 -68 0
-37 -16 0
-70 -28 0
-103 -40 0
-136 -52 0
-37 -14 0
-70 -24 0
-103 -34 0
-136 -44 0
-37 -13 0
-70 -22 0
-103 -31 0
-136 -40 0
-37 -12 0
-70 -20 0
-103 -28 0
-136 -36 0
-37 -10 0
-70 -16 0
-103 -22 0
-136 -28 0
-36 -35 0
-68 -66 0
-100 -97 0
-132 -128 0
-36 -31 0
-68 -58 0
-100 -85 0
-132 -112 0
-36 -30 0
-68 -56 0
-100 -82 0
-132 -108 0
-36 -29 0
-68 -54 0
-100 -79 0
-132 -104 0
-36 -27 0
-68 -50 0
-100 -73 0
-132 -96 0
-36 -25 0
-68 -46 0
-100 -67 0
-132 -88 0
-36 -24 0
-68 -44 0
-100 -64 0
-132 -84 0
-36 -20 0
-68 -36 0
-100 -52 0
-132 -68 0
-36 -19 0
-68 -34 0
-100 -49 0
-132 -64 0
-36 -18 0
-68 -32 0
-100 -46 0
-132 -60 0
-36 -17 0
-68 -30 0
-100 -43 0
-132 -56 0
-36 -15 0
-68 -26 0
-100 -37 0
-132 -48 0
-36 -12 0
-68 -20 0
-100 -28 0
-132 -36 0
-36 -9 0
-68 -14 0
-100 -19 0
-132 -24 0
-35 -31 0
-66 -58 0
-97 -85 0
-128 -112 0
-35 -30 0
-66 -56 0
-97 -82 0
-128 -108 0
-35 -29 0
-66 -54 0
-97 -79 0
-128 -104 0
-35 -28 0
-66 -52 0
-97 -76 0
-128 -100 0
-35 -25 0
-66 -46 0
-97 -67 0
-128 -88 0
-35 -23 0
-66 -42 0
-97 -61 0
-128 -80 0
-35 -22 0
-66 -40 0
-97 -58 0
-128 -76 0
-35 -21 0
-66 -38 0
-97 -55 0
-128 -72 0
-35 -20 0
-66 -36 0
-97 -52 0
-128 -68 0
-35 -19 0
-66 -34 0
-97 -49 0
-128 -64 0
-35 -18 0
-66 -32 0
-97 -46 0
-128 -60 0
-35 -16 0
-66 -28 0
-97 -40 0
-128 -52 0
-35 -14 0
-66 -24 0
-97 -34 0
-128 -44 0
-35 -13 0
-66 -22 0
-97 -31 0
-128 -40 0
-35 -7 0
-66 -10 0
-97 -13 0
-128 -16 0
-35 -4 0
-66 -4 0
-97 -4 0
-128 -4 0
-34 -33 0
-64 -62 0
-94 -91 0
-124 -120 0
-34 -23 0
-64 -42 0
-94 -61 0
-124 -80 0
-34 -22 0
-64 -40 0
-94 -58 0
-124 -76 0
-34 -21 0
-64 -38 0
-94 -55 0
-124 -72 0
-34 -16 0
-64 -28 0
-94 -40 0
-124 -52 0
-34 -13 0
-64 -22 0
-94 -31 0
-124 -40 0
-34 -12 0
-64 -20 0
-94 -28 0
-124 -36 0
-34 -11 0
-64 -18 0
-94 -25 0
-124 -32 0
-34 -10 0
-64 -16 0
-94 -22 0
-124 -28 0
-34 -8 0
-64 -12 0
-94 -16 0
-124 -20 0
-34 -7 0
-64 -10 0
-94 -13 0
-124 -16 0
-33 -32 0
-62 -60 0
-91 -88 0
-120 -116 0
-33 -30 0
-62 -56 0
-91 -82 0
-120 -108 0
-33 -28 0
-62 -52 0
-91 -76 0
-120 -100 0
-33 -23 0
-62 -42 0
-91 -61 0
-120 -80 0
-33 -22 0
-62 -40 0
-91 -58 0
-120 -76 0
-33 -20 0
-62 -36 0
-91 -52 0
-120 -68 0
-33 -16 0
-62 -28 0
-91 -40 0
-120 -52 0
-33 -14 0
-62 -24 0
-91 -34 0
-120 -44 0
-33 -13 0
-62 -22 0
-91 -31 0
-120 -40 0
-33 -12 0
-62 -20 0
-91 -28 0
-120 -36 0
-33 -11 0
-62 -18 0
-91 -25 0
-120 -32 0
-33 -10 0
-62 -16 0
-91 -22 0
-120 -28 0
-33 -8 0
-62 -12 0
-91 -16 0
-120 -20 0
-33 -5 0
-62 -6 0
-91 -7 0
-120 -8 0
-32 -26 0
-60 -48 0
-88 -70 0
-116 -92 0
-32 -24 0
-60 -44 0
-88 -64 0
-116 -84 0
-32 -23 0
-60 -42 0
-88 -61 0
-116 -80 0
-32 -22 0
-60 -40 0
-88 -58 0
-116 -76 0
-32 -16 0
-60 -28 0
-88 -40 0
-116 -52 0
-32 -13 0
-60 -22 0
-88 -31 0
-116 -40 0
-32 -11 0
-60 -18 0
-88 -25 0
-116 -32 0
-32 -10 0
-60 -16 0
-88 -22 0
-116 -28 0
-32 -5 0
-60 -6 0
-88 -7 0
-116 -8 0
-32 -4 0
-60 -4 0
-88 -4 0
-116 -4 0
-31 -29 0
-58 -54 0
-85 -79 0
-112 -104 0
-31 -28 0
-58 -52 0
-85 -76 0
-112 -100 0
-31 -26 0
-58 -48 0
-85 -70 0
-112 -92 0
-31 -24 0
-58 -44 0
-85 -64 0
-112 -84 0
-31 -22 0
-58 -40 0
-85 -58 0
-112 -76 0
-31 -21 0
-58 -38 0
-85 -55 0
-112 -72 0
-31 -19 0
-58 -34 0
-85 -49 0
-112 -64 0
-31 -16 0
-58 -28 0
-85 -40 0
-112 -52 0
-31 -15 0
-58 -26 0
-85 -37 0
-112 -48 0
-31 -14 0
-58 -24 0
-85 -34 0
-112 -44 0
-31 -13 0
-58 -22 0
-85 -31 0
-112 -40 0
-31 -9 0
-58 -14 0
-85 -19 0
-112 -24 0
-31 -8 0
-58 -12 0
-85 -16 0
-112 -20 0
-31 -7 0
-58 -10 0
-85 -13 0
-112 -16 0
-31 -5 0
-58 -6 0
-85 -7 0
-112 -8 0
-31 -4 0
-58 -4 0
-85 -4 0
-112 -4 0
-30 -29 0
-56 -54 0
-82 -79 0
-108 -104 0
-30 -27 0
-56 -50 0
-82 -73 0
-108 -96 0
-30 -24 0
-56 -44 0
-82 -64 0
-108 -84 0
-30 -23 0
-56 -42 0
-82 -61 0
-108 -80 0
-30 -22 0
-56 -40 0
-82 -58 0
-108 -76 0
-30 -21 0
-56 -38 0
-82 -55 0
-108 -72 0
-30 -19 0
-56 -34 0
-82 -49 0
-108 -64 0
-30 -17 0
-56 -30 0
-82 -43 0
-108 -56 0
-30 -15 0
-56 -26 0
-82 -37 0
-108 -48 0
-30 -12 0
-56 -20 0
-82 -28 0
-108 -36 0
-30 -11 0
-56 -18 0
-82 -25 0
-108 -32 0
-30 -10 0
-56 -16 0
-82 -22 0
-108 -28 0
-30 -4 0
-56 -4 0
-82 -4 0
-108 -4 0
-29 -28 0
-54 -52 0
-79 -76 0
-104 -100 0
-29 -27 0
-54 -50 0
-79 -73 0
-104 -96 0
-29 -26 0
-54 -48 0
-79 -70 0
-104 -92 0
-29 -25 0
-54 -46 0
-79 -67 0
-104 -88 0
-29 -22 0
-54 -40 0
-79 -58 0
-104 -76 0
-29 -21 0
-54 -38 0
-79 -55 0
-104 -72 0
-29 -20 0
-54 -36 0
-79 -52 0
-104 -68 0
-29 -18 0
-54 -32 0
-79 -46 0
-104 -60 0
-29 -16 0
-54 -28 0
-79 -40 0
-104 -52 0
-29 -15 0
-54 -26 0
-79 -37 0
-104 -48 0
-29 -14 0
-54 -24 0
-79 -34 0
-104 -44 0
-29 -13 0
-54 -22 0
-79 -31 0
-104 -40 0
-29 -12 0
-54 -20 0
-79 -28 0
-104 -36 0
-29 -5 0
-54 -6 0
-79 -7 0
-104 -8 0
-29 -4 0
-54 -4 0
-79 -4 0
-104 -4 0
-28 -25 0
-52 -46 0
-76 -67 0
-100 -88 0
-28 -23 0
-52 -42 0
-76 -61 0
-100 -80 0
-28 -22 0
-52 -40 0
-76 -58 0
-100 -76 0
-28 -18 0
-52 -32 0
-76 -46 0
-100 -60 0
-28 -16 0
-52 -28 0
-76 -40 0
-100 -52 0
-28 -13 0
-52 -22 0
-76 -31 0
-100 -40 0
-28 -12 0
-52 -20 0
-76 -28 0
-100 -36 0
-28 -11 0
-52 -18 0
-76 -25 0
-100 -32 0
-28 -10 0
-52 -16 0
-76 -22 0
-100 -28 0
-28 -8 0
-52 -12 0
-76 -16 0
-100 -20 0
-28 -7 0
-52 -10 0
-76 -13 0
-100 -16 0
-28 -4 0
-52 -4 0
-76 -4 0
-100 -4 0
-27 -26 0
-50 -48 0
-73 -70 0
-96 -92 0
-27 -25 0
-50 -46 0
-73 -67 0
-96 -88 0
-27 -24 0
-50 -44 0
-73 -64 0
-96 -84 0
-27 -23 0
-50 -42 0
-73 -61 0
-96 -80 0
-27 -19 0
-50 -34 0
-73 -49 0
-96 -64 0
-27 -17 0
-50 -30 0
-73 -43 0
-96 -56 0
-27 -11 0
-50 -18 0
-73 -25 0
-96 -32 0
-27 -10 0
-50 -16 0
-73 -22 0
-96 -28 0
-27 -6 0
-50 -8 0
-73 -10 0
-96 -12 0
-26 -25 0
-48 -46 0
-70 -67 0
-92 -88 0
-26 -24 0
-48 -44 0
-70 -64 0
-92 -84 0
-26 -18 0
-48 -32 0
-70 -46 0
-92 -60 0
-26 -17 0
-48 -30 0
-70 -43 0
-92 -56 0
-26 -15 0
-48 -26 0
-70 -37 0
-92 -48 0
-26 -14 0
-48 -24 0
-70 -34 0
-92 -44 0
-26 -13 0
-48 -22 0
-70 -31 0
-92 -40 0
-26 -5 0
-48 -6 0
-70 -7 0
-92 -8 0
-26 -4 0
-48 -4 0
-70 -4 0
-92 -4 0
-25 -24 0
-46 -44 0
-67 -64 0
-88 -84 0
-25 -22 0
-46 -40 0
-67 -58 0
-88 -76 0
-25 -21 0
-46 -38 0
-67 -55 0
-88 -72 0
-25 -20 0
-46 -36 0
-67 -52 0
-88 -68 0
-25 -19 0
-46 -34 0
-67 -49 0
-88 -64 0
-25 -16 0
-46 -28 0
-67 -40 0
-88 -52 0
-25 -15 0
-46 -26 0
-67 -37 0
-88 -48 0
-25 -14 0
-46 -24 0
-67 -34 0
-88 -44 0
-25 -12 0
-46 -20 0
-67 -28 0
-88 -36 0
-25 -8 0
-46 -12 0
-67 -16 0
-88 -20 0
-25 -7 0
-46 -10 0
-67 -13 0
-88 -16 0
-25 -5 0
-46 -6 0
-67 -7 0
-88 -8 0
-25 -4 0
-46 -4 0
-67 -4 0
-88 -4 0
-24 -15 0
-44 -26 0
-64 -37 0
-84 -48 0
-24 -13 0
-44 -22 0
-64 -31 0
-84 -40 0
-24 -5 0
-44 -6 0
-64 -7 0
-84 -8 0
-24 -4 0
-44 -4 0
-64 -4 0
-84 -4 0
-23 -21 0
-42 -38 0
-61 -55 0
-80 -72 0
-23 -20 0
-42 -36 0
-61 -52 0
-80 -68 0
-23 -17 0
-42 -30 0
-61 -43 0
-80 -56 0
-23 -16 0
-42 -28 0
-61 -40 0
-80 -52 0
-23 -12 0
-42 -20 0
-61 -28 0
-80 -36 0
-23 -10 0
-42 -16 0
-61 -22 0
-80 -28 0
-23 -4 0
-42 -4 0
-61 -4 0
-80 -4 0
-22 -21 0
-40 -38 0
-58 -55 0
-76 -72 0
-22 -19 0
-40 -34 0
-58 -49 0
-76 -64 0
-22 -18 0
-40 -32 0
-58 -46 0
-76 -60 0
-22 -16 0
-40 -28 0
-58 -40 0
-76 -52 0
-22 -15 0
-40 -26 0
-58 -37 0
-76 -48 0
-22 -14 0
-40 -24 0
-58 -34 0
-76 -44 0
-22 -8 0
-40 -12 0
-58 -16 0
-76 -20 0
-22 -7 0
-40 -10 0
-58 -13 0
-76 -16 0
-21 -20 0
-38 -36 0
-55 -52 0
-72 -68 0
-21 -19 0
-38 -34 0
-55 -49 0
-72 -64 0
-21 -18 0
-38 -32 0
-55 -46 0
-72 -60 0
-21 -15 0
-38 -26 0
-55 -37 0
-72 -48 0
-21 -14 0
-38 -24 0
-55 -34 0
-72 -44 0
-21 -13 0
-38 -22 0
-55 -31 0
-72 -40 0
-21 -12 0
-38 -20 0
-55 -28 0
-72 -36 0
-21 -10 0
-38 -16 0
-55 -22 0
-72 -28 0
-21 -4 0
-38 -4 0
-55 -4 0
-72 -4 0
-20 -19 0
-36 -34 0
-52 -49 0
-68 -64 0
-20 -15 0
-36 -26 0
-52 -37 0
-68 -48 0
-20 -12 0
-36 -20 0
-52 -28 0
-68 -36 0
-20 -11 0
-36 -18 0
-52 -25 0
-68 -32 0
-20 -10 0
-36 -16 0
-52 -22 0
-68 -28 0
-20 -9 0
-36 -14 0
-52 -19 0
-68 -24 0
-20 -8 0
-36 -12 0
-52 -16 0
-68 -20 0
-20 -4 0
-36 -4 0
-52 -4 0
-68 -4 0
-19 -18 0
-34 -32 0
-49 -46 0
-64 -60 0
-19 -17 0
-34 -30 0
-49 -43 0
-64 -56 0
-19 -15 0
-34 -26 0
-49 -37 0
-64 -48 0
-19 -12 0
-34 -20 0
-49 -28 0
-64 -36 0
-19 -6 0
-34 -8 0
-49 -10 0
-64 -12 0
-19 -4 0
-34 -4 0
-49 -4 0
-64 -4 0
-18 -16 0
-32 -28 0
-46 -40 0
-60 -52 0
-18 -15 0
-32 -26 0
-46 -37 0
-60 -48 0
-18 -14 0
-32 -24 0
-46 -34 0
-60 -44 0
-18 -13 0
-32 -22 0
-46 -31 0
-60 -40 0
-18 -9 0
-32 -14 0
-46 -19 0
-60 -24 0
-18 -8 0
-32 -12 0
-46 -16 0
-60 -20 0
-18 -7 0
-32 -10 0
-46 -13 0
-60 -16 0
-18 -5 0
-32 -6 0
-46 -7 0
-60 -8 0
-18 -4 0
-32 -4 0
-46 -4 0
-60 -4 0
-17 -15 0
-30 -26 0
-43 -37 0
-56 -48 0
-17 -11 0
-30 -18 0
-43 -25 0
-56 -32 0
-17 -10 0
-30 -16 0
-43 -22 0
-56 -28 0
-17 -9 0
-30 -14 0
-43 -19 0
-56 -24 0
-17 -6 0
-30 -8 0
-43 -10 0
-56 -12 0
-16 -14 0
-28 -24 0
-40 -34 0
-52 -44 0
-16 -13 0
-28 -22 0
-40 -31 0
-52 -40 0
-16 -12 0
-28 -20 0
-40 -28 0
-52 -36 0
-16 -11 0
-28 -18 0
-40 -25 0
-52 -32 0
-16 -9 0
-28 -14 0
-40 -19 0
-52 -24 0
-16 -8 0
-28 -12 0
-40 -16 0
-52 -20 0
-16 -7 0
-28 -10 0
-40 -13 0
-52 -16 0
-16 -4 0
-28 -4 0
-40 -4 0
-52 -4 0
-15 -6 0
-26 -8 0
-37 -10 0
-48 -12 0
-15 -4 0
-26 -4 0
-37 -4 0
-48 -4 0
-14 -13 0
-24 -22 0
-34 -31 0
-44 -40 0
-14 -8 0
-24 -12 0
-34 -16 0
-44 -20 0
-14 -7 0
-24 -10 0
-34 -13 0
-44 -16 0
-14 -4 0
-24 -4 0
-34 -4 0
-44 -4 0
-13 -11 0
-22 -18 0
-31 -25 0
-40 -32 0
-13 -8 0
-22 -12 0
-31 -16 0
-40 -20 0
-13 -7 0
-22 -10 0
-31 -13 0
-40 -16 0
-13 -5 0
-22 -6 0
-31 -7 0
-40 -8 0
-12 -11 0
-20 -18 0
-28 -25 0
-36 -32 0
-12 -10 0
-20 -16 0
-28 -22 0
-36 -28 0
-12 -9 0
-20 -14 0
-28 -19 0
-36 -24 0
-12 -8 0
-20 -12 0
-28 -16 0
-36 -20 0
-12 -6 0
-20 -8 0
-28 -10 0
-36 -12 0
-12 -4 0
-20 -4 0
-28 -4 0
-36 -4 0
-11 -10 0
-18 -16 0
-25 -22 0
-32 -28 0
-11 -9 0
-18 -14 0
-25 -19 0
-32 -24 0
-11 -6 0
-18 -8 0
-25 -10 0
-32 -12 0
-11 -5 0
-18 -6 0
-25 -7 0
-32 -8 0
-10 -6 0
-16 -8 0
-22 -10 0
-28 -12 0
-9 -8 0
-14 -12 0
-19 -16 0
-24 -20 0
-9 -7 0
-14 -10 0
-19 -13 0
-24 -16 0
-9 -6 0
-14 -8 0
-19 -10 0
-24 -12 0
-9 -5 0
-14 -6 0
-19 -7 0
-24 -8 0
-8 -6 0
-12 -8 0
-16 -10 0
-20 -12 0
-8 -5 0
-12 -6 0
-16 -7 0
-20 -8 0
-7 -6 0
-10 -8 0
-13 -10 0
-16 -12 0
-7 -5 0
-10 -6 0
-13 -7 0
-16 -8 0
-6 -5 0
-8 -6 0
-10 -7 0
-12 -8 0
53 102 151 200 0
-53 -102 0
-53 -151 0
-53 -200 0
-102 -151 0
-102 -200 0
-151 -200 0
52 100 148 196 0
-52 -100 0
-52 -148 0
-52 -196 0
-100 -148 0
-100 -196 0
-148 -196 0
51 98 145 192 0
-51 -98 0
-51 -145 0
-51 -192 0
-98 -145 0
-98 -192 0
-145 -192 0
50 96 142 188 0
-50 -96 0
-50 -142 0
-50 -188 0
-96 -142 0
-96 -188 0
-142 -188 0
49 94 139 184 0
-49 -94 0
-49 -139 0
-49 -184 0
-94 -139 0
-94 -184 0
-139 -184 0
48 92 136 180 0
-48 -92 0
-48 -136 0
-48 -180 0
-92 -136 0
-92 -180 0
-136 -180 0
47 90 133 176 0
-47 -90 0
-47 -133 0
-47 -176 0
-90 -133 0
-90 -176 0
-133 -176 0
46 88 130 172 0
-46 -88 0
-46 -130 0
-46 -172 0
-88 -130 0
-88 -172 0
-130 -172 0
45 86 127 168 0
-45 -86 0
-45 -127 0
-45 -168 0
-86 -127 0
-86 -168 0
-127 -168 0
44 84 124 164 0
-44 -84 0
-44 -124 0
-44 -164 0
-84 -124 0
-84 -164 0
-124 -164 0
43 82 121 160 0
-43 -82 0
-43 -121 0
-43 -160 0
-82 -121 0
-82 -160 0
-121 -160 0
42 80 118 156 0
-42 -80 0
-42 -118 0
-42 -156 0
-80 -118 0
-80 -156 0
-118 -156 0
41 78 115 152 0
-41 -78 0
-41 -115 0
-41 -152 0
-78 -115 0
-78 -152 0
-115 -152 0
40 76 112 148 0
-40 -76 0
-40 -112 0
-40 -148 0
-76 -112 0
-76 -148 0
-112 -148 0
39 74 109 144 0
-39 -74 0
-39 -109 0
-39 -144 0
-74 -109 0
-74 -144 0
-109 -144 0
38 72 106 140 0
-38 -72 0
-38 -106 0
-38 -140 0
-72 -106 0
-72 -140 0
-106 -140 0
37 70 103 136 0
-37 -70 0
-37 -103 0
-37 -136 0
-70 -103 0
-70 -136 0
-103 -136 0
36 68 100 132 0
-36 -68 0
-36 -100 0
-36 -132 0
-68 -100 0
-68 -132 0
-100 -132 0
35 66 97 128 0
-35 -66 0
-35 -97 0
-35 -128 0
-66 -97 0
-66 -128 0
-97 -128 0
34 64 94 124 0
-34 -64 0
-34 -94 0
-34 -124 0
-64 -94 0
-64 -124 0
-94 -124 0
33 62 91 120 0
-33 -62 0
-33 -91 0
-33 -120 0
-62 -91 0
-62 -120 0
-91 -120 0
32 60 88 116 0
-32 -60 0
-32 -88 0
-32 -116 0
-60 -88 0
-60 -116 0
-88 -116 0
31 58 85 112 0
-31 -58 0
-31 -85 0
-31 -112 0
-58 -85 0
-58 -112 0
-85 -112 0
30 56 82 108 0
-30 -56 0
-30 -82 0
-30 -108 0
-56 -82 0
-56 -108 0
-82 -108 0
29 54 79 104 0
-29 -54 0
-29 -79 0
-29 -104 0
-54 -79 0
-54 -104 0
-79 -104 0
28 52 76 100 0
-28 -52 0
-28 -76 0
-28 -100 0
-52 -76 0
-52 -100 0
-76 -100 0
27 50 73 96 0
-27 -50 0
-27 -73 0
-27 -96 0
-50 -73 0
-50 -96 0
-73 -96 0
26 48 70 92 0
-26 -48 0
-26 -70 0
-26 -92 0
-48 -70 0
-48 -92 0
-70 -92 0
25 46 67 88 0
-25 -46 0
-25 -67 0
-25 -88 0
-46 -67 0
-46 -88 0
-67 -88 0
24 44 64 84 0
-24 -44 0
-24 -64 0
-24 -84 0
-44 -64 0
-44 -84 0
-64 -84 0
23 42 61 80 0
-23 -42 0
-23 -61 0
-23 -80 0
-42 -61 0
-42 -80 0
-61 -80 0
22 40 58 76 0
-22 -40 0
-22 -58 0
-22 -76 0
-40 -58 0
-40 -76 0
-58 -76 0
21 38 55 72 0
-21 -38 0
-21 -55 0
-21 -72 0
-38 -55 0
-38 -72 0
-55 -72 0
20 36 52 68 0
-20 -36 0
-20 -52 0
-20 -68 0
-36 -52 0
-36 -68 0
-52 -68 0
19 34 49 64 0
-19 -34 0
-19 -49 0
-19 -64 0
-34 -49 0
-34 -64 0
-49 -64 0
18 32 46 60 0
-18 -32 0
-18 -46 0
-18 -60 0
-32 -46 0
-32 -60 0
-46 -60 0
17 30 43 56 0
-17 -30 0
-17 -43 0
-17 -56 0
-30 -43 0
-30 -56 0
-43 -56 0
16 28 40 52 0
-16 -28 0
-16 -40 0
-16 -52 0
-28 -40 0
-28 -52 0
-40 -52 0
15 26 37 48 0
-15 -26 0
-15 -37 0
-15 -48 0
-26 -37 0
-26 -48 0
-37 -48 0
14 24 34 44 0
-14 -24 0
-14 -34 0
-14 -44 0
-24 -34 0
-24 -44 0
-34 -44 0
13 22 31 40 0
-13 -22 0
-13 -31 0
-13 -40 0
-22 -31 0
-22 -40 0
-31 -40 0
12 20 28 36 0
-12 -20 0
-12 -28 0
-12 -36 0
-20 -28 0
-20 -36 0
-28 -36 0
11 18 25 32 0
-11 -18 0
-11 -25 0
-11 -32 0
-18 -25 0
-18 -32 0
-25 -32 0
10 16 22 28 0
-10 -16 0
-10 -22 0
-10 -28 0
-16 -22 0
-16 -28 0
-22 -28 0
9 14 19 24 0
-9 -14 0
-9 -19 0
-9 -24 0
-14 -19 0
-14 -24 0
-19 -24 0
8 12 16 20 0
-8 -12 0
-8 -16 0
-8 -20 0
-12 -16 0
-12 -20 0
-16 -20 0
7 10 13 16 0
-7 -10 0
-7 -13 0
-7 -16 0
-10 -13 0
-10 -16 0
-13 -16 0
6 8 10 12 0
-6 -8 0
-6 -10 0
-6 -12 0
-8 -10 0
-8 -12 0
-10 -12 0
5 6 7 8 0
-5 -6 0
-5 -7 0
-5 -8 0
-6 -7 0
-6 -8 0
-7 -8 0
4 4 4 4 0
-4 -4 0
-4 -4 0
-4 -4 0
-4 -4 0
-4 -4 0
-4 -4 0
