p cnf 250 3325
-54 -53 0
-103 -101 0
-152 -149 0
-201 -197 0
-250 -245 0
-54 -47 0
-103 -89 0
-152 -131 0
-201 -173 0
-250 -215 0
-54 -45 0
-103 -85 0
-152 -125 0
-201 -165 0
-250 -205 0
-54 -43 0
-103 -81 0
-152 -119 0
-201 -157 0
-250 -195 0
-54 -41 0
-103 -77 0
-152 -113 0
-201 -149 0
-250 -185 0
-54 -37 0
-103 -69 0
-152 -101 0
-201 -133 0
-250 -165 0
-54 -36 0
-103 -67 0
-152 -98 0
-201 -129 0
-250 -160 0
-54 -30 0
-103 -55 0
-152 -80 0
-201 -105 0
-250 -130 0
-54 -28 0
-103 -51 0
-152 -74 0
-201 -97 0
-250 -120 0
-54 -27 0
-103 -49 0
-152 -71 0
-201 -93 0
-250 -115 0
-54 -25 0
-103 -45 0
-152 -65 0
-201 -85 0
-250 -105 0
-54 -22 0
-103 -39 0
-152 -56 0
-201 -73 0
-250 -90 0
-54 -21 0
-103 -37 0
-152 -53 0
-201 -69 0
-250 -85 0
-54 -20 0
-103 -35 0
-152 -50 0
-201 -65 0
-250 -80 0
-54 -18 0
-103 -31 0
-152 -44 0
-201 -57 0
-250 -70 0
-54 -16 0
-103 -27 0
-152 -38 0
-201 -49 0
-250 -60 0
-54 -13 0
-103 -21 0
-152 -29 0
-201 -37 0
-250 -45 0
-54 -7 0
-103 -9 0
-152 -11 0
-201 -13 0
-250 -15 0
-53 -52 0
-101 -99 0
-149 -146 0
-197 -193 0
-245 -240 0
-53 -51 0
-101 -97 0
-149 -143 0
-197 -189 0
-245 -235 0
-53 -50 0
-101 -95 0
-149 -140 0
-197 -185 0
-245 -230 0
-53 -49 0
-101 -93 0
-149 -137 0
-197 -181 0
-245 -225 0
-53 -46 0
-101 -87 0
-149 -128 0
-197 -169 0
-245 -210 0
-53 -41 0
-101 -77 0
-149 -113 0
-197 -149 0
-245 -185 0
-53 -40 0
-101 -75 0
-149 -110 0
-197 -145 0
-245 -180 0
-53 -38 0
-101 -71 0
-149 -104 0
-197 -137 0
-245 -170 0
-53 -37 0
-101 -69 0
-149 -101 0
-197 -133 0
-245 -165 0
-53 -35 0
-101 -65 0
-149 -95 0
-197 -125 0
-245 -155 0
-53 -34 0
-101 -63 0
-149 -92 0
-197 -121 0
-245 -150 0
-53 -31 0
-101 -57 0
-149 -83 0
-197 -109 0
-245 -135 0
-53 -28 0
-101 -51 0
-149 -74 0
-197 -97 0
-245 -120 0
-53 -25 0
-101 -45 0
-149 -65 0
-197 -85 0
-245 -105 0
-53 -24 0
-101 -43 0
-149 -62 0
-197 -81 0
-245 -100 0
-53 -18 0
-101 -31 0
-149 -44 0
-197 -57 0
-245 -70 0
-53 -16 0
-101 -27 0
-149 -38 0
-197 -49 0
-245 -60 0
-53 -12 0
-101 -19 0
-149 -26 0
-197 -33 0
-245 -40 0
-53 -11 0
-101 -17 0
-149 -23 0
-197 -29 0
-245 -35 0
-53 -10 0
-101 -15 0
-149 -20 0
-197 -25 0
-245 -30 0
-53 -7 0
-101 -9 0
-149 -11 0
-197 -13 0
-245 -15 0
-52 -50 0
-99 -95 0
-146 -140 0
-193 -185 0
-240 -230 0
-52 -49 0
-99 -93 0
-146 -137 0
-193 -181 0
-240 -225 0
-52 -48 0
-99 -91 0
-146 -134 0
-193 -177 0
-240 -220 0
-52 -45 0
-99 -85 0
-146 -125 0
-193 -165 0
-240 -205 0
-52 -44 0
-99 -83 0
-146 -122 0
-193 -161 0
-240 -200 0
-52 -43 0
-99 -81 0
-146 -119 0
-193 -157 0
-240 -195 0
-52 -42 0
-99 -79 0
-146 -116 0
-193 -153 0
-240 -190 0
-52 -40 0
-99 -75 0
-146 -110 0
-193 -145 0
-240 -180 0
-52 -38 0
-99 -71 0
-146 -104 0
-193 -137 0
-240 -170 0
-52 -37 0
-99 -69 0
-146 -101 0
-193 -133 0
-240 -165 0
-52 -35 0
-99 -65 0
-146 -95 0
-193 -125 0
-240 -155 0
-52 -34 0
-99 -63 0
-146 -92 0
-193 -121 0
-240 -150 0
-52 -33 0
-99 -61 0
-146 -89 0
-193 -117 0
-240 -145 0
-52 -31 0
-99 -57 0
-146 -83 0
-193 -109 0
-240 -135 0
-52 -29 0
-99 -53 0
-146 -77 0
-193 -101 0
-240 -125 0
-52 -24 0
-99 -43 0
-146 -62 0
-193 -81 0
-240 -100 0
-52 -22 0
-99 -39 0
-146 -56 0
-193 -73 0
-240 -90 0
-52 -21 0
-99 -37 0
-146 -53 0
-193 -69 0
-240 -85 0
-52 -20 0
-99 -35 0
-146 -50 0
-193 -65 0
-240 -80 0
-52 -17 0
-99 -29 0
-146 -41 0
-193 -53 0
-240 -65 0
-52 -12 0
-99 -19 0
-146 -26 0
-193 -33 0
-240 -40 0
-52 -11 0
-99 -17 0
-146 -23 0
-193 -29 0
-240 -35 0
-52 -10 0
-99 -15 0
-146 -20 0
-193 -25 0
-240 -30 0
-52 -9 0
-99 -13 0
-146 -17 0
-193 -21 0
-240 -25 0
-52 -8 0
-99 -11 0
-146 -14 0
-193 -17 0
-240 -20 0
-52 -5 0
-99 -5 0
-146 -5 0
-193 -5 0
-240 -5 0
-51 -50 0
-97 -95 0
-143 -140 0
-189 -185 0
-235 -230 0
-51 -49 0
-97 -93 0
-143 -137 0
-189 -181 0
-235 -225 0
-51 -44 0
-97 -83 0
-143 -122 0
-189 -161 0
-235 -200 0
-51 -43 0
-97 -81 0
-143 -119 0
-189 -157 0
-235 -195 0
-51 -39 0
-97 -73 0
-143 -107 0
-189 -141 0
-235 -175 0
-51 -38 0
-97 -71 0
-143 -104 0
-189 -137 0
-235 -170 0
-51 -35 0
-97 -65 0
-143 -95 0
-189 -125 0
-235 -155 0
-51 -34 0
-97 -63 0
-143 -92 0
-189 -121 0
-235 -150 0
-51 -33 0
-97 -61 0
-143 -89 0
-189 -117 0
-235 -145 0
-51 -31 0
-97 -57 0
-143 -83 0
-189 -109 0
-235 -135 0
-51 -24 0
-97 -43 0
-143 -62 0
-189 -81 0
-235 -100 0
-51 -18 0
-97 -31 0
-143 -44 0
-189 -57 0
-235 -70 0
-51 -14 0
-97 -23 0
-143 -32 0
-189 -41 0
-235 -50 0
-51 -12 0
-97 -19 0
-143 -26 0
-189 -33 0
-235 -40 0
-51 -11 0
-97 -17 0
-143 -23 0
-189 -29 0
-235 -35 0
-51 -10 0
-97 -15 0
-143 -20 0
-189 -25 0
-235 -30 0
-51 -7 0
-97 -9 0
-143 -11 0
-189 -13 0
-235 -15 0
-50 -49 0
-95 -93 0
-140 -137 0
-185 -181 0
-230 -225 0
-50 -48 0
-95 -91 0
-140 -134 0
-185 -177 0
-230 -220 0
-50 -45 0
-95 -85 0
-140 -125 0
-185 -165 0
-230 -205 0
-50 -44 0
-95 -83 0
-140 -122 0
-185 -161 0
-230 -200 0
-50 -42 0
-95 -79 0
-140 -116 0
-185 -153 0
-230 -190 0
-50 -41 0
-95 -77 0
-140 -113 0
-185 -149 0
-230 -185 0
-50 -40 0
-95 -75 0
-140 -110 0
-185 -145 0
-230 -180 0
-50 -39 0
-95 -73 0
-140 -107 0
-185 -141 0
-230 -175 0
-50 -38 0
-95 -71 0
-140 -104 0
-185 -137 0
-230 -170 0
-50 -35 0
-95 -65 0
-140 -95 0
-185 -125 0
-230 -155 0
-50 -34 0
-95 -63 0
-140 -92 0
-185 -121 0
-230 -150 0
-50 -33 0
-95 -61 0
-140 -89 0
-185 -117 0
-230 -145 0
-50 -31 0
-95 -57 0
-140 -83 0
-185 -109 0
-230 -135 0
-50 -29 0
-95 -53 0
-140 -77 0
-185 -101 0
-230 -125 0
-50 -24 0
-95 -43 0
-140 -62 0
-185 -81 0
-230 -100 0
-50 -21 0
-95 -37 0
-140 -53 0
-185 -69 0
-230 -85 0
-50 -18 0
-95 -31 0
-140 -44 0
-185 -57 0
-230 -70 0
-50 -17 0
-95 -29 0
-140 -41 0
-185 -53 0
-230 -65 0
-50 -15 0
-95 -25 0
-140 -35 0
-185 -45 0
-230 -55 0
-50 -14 0
-95 -23 0
-140 -32 0
-185 -41 0
-230 -50 0
-50 -13 0
-95 -21 0
-140 -29 0
-185 -37 0
-230 -45 0
-50 -12 0
-95 -19 0
-140 -26 0
-185 -33 0
-230 -40 0
-50 -11 0
-95 -17 0
-140 -23 0
-185 -29 0
-230 -35 0
-50 -9 0
-95 -13 0
-140 -17 0
-185 -21 0
-230 -25 0
-49 -46 0
-93 -87 0
-137 -128 0
-181 -169 0
-225 -210 0
-49 -45 0
-93 -85 0
-137 -125 0
-181 -165 0
-225 -205 0
-49 -38 0
-93 -71 0
-137 -104 0
-181 -137 0
-225 -170 0
-49 -37 0
-93 -69 0
-137 -101 0
-181 -133 0
-225 -165 0
-49 -36 0
-93 -67 0
-137 -98 0
-181 -129 0
-225 -160 0
-49 -35 0
-93 -65 0
-137 -95 0
-181 -125 0
-225 -155 0
-49 -31 0
-93 -57 0
-137 -83 0
-181 -109 0
-225 -135 0
-49 -30 0
-93 -55 0
-137 -80 0
-181 -105 0
-225 -130 0
-49 -28 0
-93 -51 0
-137 -74 0
-181 -97 0
-225 -120 0
-49 -25 0
-93 -45 0
-137 -65 0
-181 -85 0
-225 -105 0
-49 -24 0
-93 -43 0
-137 -62 0
-181 -81 0
-225 -100 0
-49 -23 0
-93 -41 0
-137 -59 0
-181 -77 0
-225 -95 0
-49 -22 0
-93 -39 0
-137 -56 0
-181 -73 0
-225 -90 0
-49 -21 0
-93 -37 0
-137 -53 0
-181 -69 0
-225 -85 0
-49 -20 0
-93 -35 0
-137 -50 0
-181 -65 0
-225 -80 0
-49 -18 0
-93 -31 0
-137 -44 0
-181 -57 0
-225 -70 0
-49 -16 0
-93 -27 0
-137 -38 0
-181 -49 0
-225 -60 0
-49 -15 0
-93 -25 0
-137 -35 0
-181 -45 0
-225 -55 0
-49 -13 0
-93 -21 0
-137 -29 0
-181 -37 0
-225 -45 0
-49 -12 0
-93 -19 0
-137 -26 0
-181 -33 0
-225 -40 0
-49 -11 0
-93 -17 0
-137 -23 0
-181 -29 0
-225 -35 0
-49 -5 0
-93 -5 0
-137 -5 0
-181 -5 0
-225 -5 0
-48 -47 0
-91 -89 0
-134 -131 0
-177 -173 0
-220 -215 0
-48 -46 0
-91 -87 0
-134 -128 0
-177 -169 0
-220 -210 0
-48 -44 0
-91 -83 0
-134 -122 0
-177 -161 0
-220 -200 0
-48 -40 0
-91 -75 0
-134 -110 0
-177 -145 0
-220 -180 0
-48 -36 0
-91 -67 0
-134 -98 0
-177 -129 0
-220 -160 0
-48 -35 0
-91 -65 0
-134 -95 0
-177 -125 0
-220 -155 0
-48 -34 0
-91 -63 0
-134 -92 0
-177 -121 0
-220 -150 0
-48 -33 0
-91 -61 0
-134 -89 0
-177 -117 0
-220 -145 0
-48 -32 0
-91 -59 0
-134 -86 0
-177 -113 0
-220 -140 0
-48 -29 0
-91 -53 0
-134 -77 0
-177 -101 0
-220 -125 0
-48 -26 0
-91 -47 0
-134 -68 0
-177 -89 0
-220 -110 0
-48 -23 0
-91 -41 0
-134 -59 0
-177 -77 0
-220 -95 0
-48 -22 0
-91 -39 0
-134 -56 0
-177 -73 0
-220 -90 0
-48 -19 0
-91 -33 0
-134 -47 0
-177 -61 0
-220 -75 0
-48 -17 0
-91 -29 0
-134 -41 0
-177 -53 0
-220 -65 0
-48 -15 0
-91 -25 0
-134 -35 0
-177 -45 0
-220 -55 0
-48 -14 0
-91 -23 0
-134 -32 0
-177 -41 0
-220 -50 0
-48 -5 0
-91 -5 0
-134 -5 0
-177 -5 0
-220 -5 0
-47 -45 0
-89 -85 0
-131 -125 0
-173 -165 0
-215 -205 0
-47 -44 0
-89 -83 0
-131 -122 0
-173 -161 0
-215 -200 0
-47 -39 0
-89 -73 0
-131 -107 0
-173 -141 0
-215 -175 0
-47 -32 0
-89 -59 0
-131 -86 0
-173 -113 0
-215 -140 0
-47 -30 0
-89 -55 0
-131 -80 0
-173 -105 0
-215 -130 0
-47 -29 0
-89 -53 0
-131 -77 0
-173 -101 0
-215 -125 0
-47 -27 0
-89 -49 0
-131 -71 0
-173 -93 0
-215 -115 0
-47 -26 0
-89 -47 0
-131 -68 0
-173 -89 0
-215 -110 0
-47 -25 0
-89 -45 0
-131 -65 0
-173 -85 0
-215 -105 0
-47 -23 0
-89 -41 0
-131 -59 0
-173 -77 0
-215 -95 0
-47 -20 0
-89 -35 0
-131 -50 0
-173 -65 0
-215 -80 0
-47 -19 0
-89 -33 0
-131 -47 0
-173 -61 0
-215 -75 0
-47 -17 0
-89 -29 0
-131 -41 0
-173 -53 0
-215 -65 0
-47 -15 0
-89 -25 0
-131 -35 0
-173 -45 0
-215 -55 0
-47 -10 0
-89 -15 0
-131 -20 0
-173 -25 0
-215 -30 0
-47 -9 0
-89 -13 0
-131 -17 0
-173 -21 0
-215 -25 0
-47 -8 0
-89 -11 0
-131 -14 0
-173 -17 0
-215 -20 0
-47 -7 0
-89 -9 0
-131 -11 0
-173 -13 0
-215 -15 0
-46 -44 0
-87 -83 0
-128 -122 0
-169 -161 0
-210 -200 0
-46 -40 0
-87 -75 0
-128 -110 0
-169 -145 0
-210 -180 0
-46 -39 0
-87 -73 0
-128 -107 0
-169 -141 0
-210 -175 0
-46 -36 0
-87 -67 0
-128 -98 0
-169 -129 0
-210 -160 0
-46 -34 0
-87 -63 0
-128 -92 0
-169 -121 0
-210 -150 0
-46 -33 0
-87 -61 0
-128 -89 0
-169 -117 0
-210 -145 0
-46 -31 0
-87 -57 0
-128 -83 0
-169 -109 0
-210 -135 0
-46 -30 0
-87 -55 0
-128 -80 0
-169 -105 0
-210 -130 0
-46 -29 0
-87 -53 0
-128 -77 0
-169 -101 0
-210 -125 0
-46 -28 0
-87 -51 0
-128 -74 0
-169 -97 0
-210 -120 0
-46 -27 0
-87 -49 0
-128 -71 0
-169 -93 0
-210 -115 0
-46 -24 0
-87 -43 0
-128 -62 0
-169 -81 0
-210 -100 0
-46 -23 0
-87 -41 0
-128 -59 0
-169 -77 0
-210 -95 0
-46 -22 0
-87 -39 0
-128 -56 0
-169 -73 0
-210 -90 0
-46 -15 0
-87 -25 0
-128 -35 0
-169 -45 0
-210 -55 0
-46 -14 0
-87 -23 0
-128 -32 0
-169 -41 0
-210 -50 0
-46 -5 0
-87 -5 0
-128 -5 0
-169 -5 0
-210 -5 0
-45 -43 0
-85 -81 0
-125 -119 0
-165 -157 0
-205 -195 0
-45 -42 0
-85 -79 0
-125 -116 0
-165 -153 0
-205 -190 0
-45 -37 0
-85 -69 0
-125 -101 0
-165 -133 0
-205 -165 0
-45 -36 0
-85 -67 0
-125 -98 0
-165 -129 0
-205 -160 0
-45 -35 0
-85 -65 0
-125 -95 0
-165 -125 0
-205 -155 0
-45 -31 0
-85 -57 0
-125 -83 0
-165 -109 0
-205 -135 0
-45 -29 0
-85 -53 0
-125 -77 0
-165 -101 0
-205 -125 0
-45 -28 0
-85 -51 0
-125 -74 0
-165 -97 0
-205 -120 0
-45 -22 0
-85 -39 0
-125 -56 0
-165 -73 0
-205 -90 0
-45 -21 0
-85 -37 0
-125 -53 0
-165 -69 0
-205 -85 0
-45 -18 0
-85 -31 0
-125 -44 0
-165 -57 0
-205 -70 0
-45 -17 0
-85 -29 0
-125 -41 0
-165 -53 0
-205 -65 0
-45 -16 0
-85 -27 0
-125 -38 0
-165 -49 0
-205 -60 0
-45 -13 0
-85 -21 0
-125 -29 0
-165 -37 0
-205 -45 0
-45 -10 0
-85 -15 0
-125 -20 0
-165 -25 0
-205 -30 0
-45 -7 0
-85 -9 0
-125 -11 0
-165 -13 0
-205 -15 0
-44 -41 0
-83 -77 0
-122 -113 0
-161 -149 0
-200 -185 0
-44 -39 0
-83 -73 0
-122 -107 0
-161 -141 0
-200 -175 0
-44 -38 0
-83 -71 0
-122 -104 0
-161 -137 0
-200 -170 0
-44 -34 0
-83 -63 0
-122 -92 0
-161 -121 0
-200 -150 0
-44 -32 0
-83 -59 0
-122 -86 0
-161 -113 0
-200 -140 0
-44 -30 0
-83 -55 0
-122 -80 0
-161 -105 0
-200 -130 0
-44 -27 0
-83 -49 0
-122 -71 0
-161 -93 0
-200 -115 0
-44 -24 0
-83 -43 0
-122 -62 0
-161 -81 0
-200 -100 0
-44 -23 0
-83 -41 0
-122 -59 0
-161 -77 0
-200 -95 0
-44 -19 0
-83 -33 0
-122 -47 0
-161 -61 0
-200 -75 0
-44 -17 0
-83 -29 0
-122 -41 0
-161 -53 0
-200 -65 0
-44 -14 0
-83 -23 0
-122 -32 0
-161 -41 0
-200 -50 0
-44 -12 0
-83 -19 0
-122 -26 0
-161 -33 0
-200 -40 0
-44 -11 0
-83 -17 0
-122 -23 0
-161 -29 0
-200 -35 0
-44 -9 0
-83 -13 0
-122 -17 0
-161 -21 0
-200 -25 0
-44 -8 0
-83 -11 0
-122 -14 0
-161 -17 0
-200 -20 0
-44 -5 0
-83 -5 0
-122 -5 0
-161 -5 0
-200 -5 0
-43 -42 0
-81 -79 0
-119 -116 0
-157 -153 0
-195 -190 0
-43 -41 0
-81 -77 0
-119 -113 0
-157 -149 0
-195 -185 0
-43 -37 0
-81 -69 0
-119 -101 0
-157 -133 0
-195 -165 0
-43 -36 0
-81 -67 0
-119 -98 0
-157 -129 0
-195 -160 0
-43 -30 0
-81 -55 0
-119 -80 0
-157 -105 0
-195 -130 0
-43 -28 0
-81 -51 0
-119 -74 0
-157 -97 0
-195 -120 0
-43 -26 0
-81 -47 0
-119 -68 0
-157 -89 0
-195 -110 0
-43 -25 0
-81 -45 0
-119 -65 0
-157 -85 0
-195 -105 0
-43 -22 0
-81 -39 0
-119 -56 0
-157 -73 0
-195 -90 0
-43 -21 0
-81 -37 0
-119 -53 0
-157 -69 0
-195 -85 0
-43 -20 0
-81 -35 0
-119 -50 0
-157 -65 0
-195 -80 0
-43 -18 0
-81 -31 0
-119 -44 0
-157 -57 0
-195 -70 0
-43 -16 0
-81 -27 0
-119 -38 0
-157 -49 0
-195 -60 0
-43 -13 0
-81 -21 0
-119 -29 0
-157 -37 0
-195 -45 0
-43 -10 0
-81 -15 0
-119 -20 0
-157 -25 0
-195 -30 0
-43 -9 0
-81 -13 0
-119 -17 0
-157 -21 0
-195 -25 0
-43 -7 0
-81 -9 0
-119 -11 0
-157 -13 0
-195 -15 0
-42 -38 0
-79 -71 0
-116 -104 0
-153 -137 0
-190 -170 0
-42 -37 0
-79 -69 0
-116 -101 0
-153 -133 0
-190 -165 0
-42 -36 0
-79 -67 0
-116 -98 0
-153 -129 0
-190 -160 0
-42 -35 0
-79 -65 0
-116 -95 0
-153 -125 0
-190 -155 0
-42 -34 0
-79 -63 0
-116 -92 0
-153 -121 0
-190 -150 0
-42 -31 0
-79 -57 0
-116 -83 0
-153 -109 0
-190 -135 0
-42 -30 0
-79 -55 0
-116 -80 0
-153 -105 0
-190 -130 0
-42 -29 0
-79 -53 0
-116 -77 0
-153 -101 0
-190 -125 0
-42 -24 0
-79 -43 0
-116 -62 0
-153 -81 0
-190 -100 0
-42 -22 0
-79 -39 0
-116 -56 0
-153 -73 0
-190 -90 0
-42 -21 0
-79 -37 0
-116 -53 0
-153 -69 0
-190 -85 0
-42 -20 0
-79 -35 0
-116 -50 0
-153 -65 0
-190 -80 0
-42 -17 0
-79 -29 0
-116 -41 0
-153 -53 0
-190 -65 0
-42 -16 0
-79 -27 0
-116 -38 0
-153 -49 0
-190 -60 0
-42 -13 0
-79 -21 0
-116 -29 0
-153 -37 0
-190 -45 0
-42 -10 0
-79 -15 0
-116 -20 0
-153 -25 0
-190 -30 0
-42 -9 0
-79 -13 0
-116 -17 0
-153 -21 0
-190 -25 0
-42 -8 0
-79 -11 0
-116 -14 0
-153 -17 0
-190 -20 0
-42 -7 0
-79 -9 0
-116 -11 0
-153 -13 0
-190 -15 0
-41 -39 0
-77 -73 0
-113 -107 0
-149 -141 0
-185 -175 0
-41 -38 0
-77 -71 0
-113 -104 0
-149 -137 0
-185 -170 0
-41 -35 0
-77 -65 0
-113 -95 0
-149 -125 0
-185 -155 0
-41 -34 0
-77 -63 0
-113 -92 0
-149 -121 0
-185 -150 0
-41 -33 0
-77 -61 0
-113 -89 0
-149 -117 0
-185 -145 0
-41 -31 0
-77 -57 0
-113 -83 0
-149 -109 0
-185 -135 0
-41 -24 0
-77 -43 0
-113 -62 0
-149 -81 0
-185 -100 0
-41 -18 0
-77 -31 0
-113 -44 0
-149 -57 0
-185 -70 0
-41 -12 0
-77 -19 0
-113 -26 0
-149 -33 0
-185 -40 0
-41 -11 0
-77 -17 0
-113 -23 0
-149 -29 0
-185 -35 0
-41 -10 0
-77 -15 0
-113 -20 0
-149 -25 0
-185 -30 0
-41 -7 0
-77 -9 0
-113 -11 0
-149 -13 0
-185 -15 0
-40 -38 0
-75 -71 0
-110 -104 0
-145 -137 0
-180 -170 0
-40 -36 0
-75 -67 0
-110 -98 0
-145 -129 0
-180 -160 0
-40 -35 0
-75 -65 0
-110 -95 0
-145 -125 0
-180 -155 0
-40 -31 0
-75 -57 0
-110 -83 0
-145 -109 0
-180 -135 0
-40 -30 0
-75 -55 0
-110 -80 0
-145 -105 0
-180 -130 0
-40 -28 0
-75 -51 0
-110 -74 0
-145 -97 0
-180 -120 0
-40 -27 0
-75 -49 0
-110 -71 0
-145 -93 0
-180 -115 0
-40 -25 0
-75 -45 0
-110 -65 0
-145 -85 0
-180 -105 0
-40 -24 0
-75 -43 0
-110 -62 0
-145 -81 0
-180 -100 0
-40 -23 0
-75 -41 0
-110 -59 0
-145 -77 0
-180 -95 0
-40 -22 0
-75 -39 0
-110 -56 0
-145 -73 0
-180 -90 0
-40 -21 0
-75 -37 0
-110 -53 0
-145 -69 0
-180 -85 0
-40 -20 0
-75 -35 0
-110 -50 0
-145 -65 0
-180 -80 0
-40 -18 0
-75 -31 0
-110 -44 0
-145 -57 0
-180 -70 0
-40 -16 0
-75 -27 0
-110 -38 0
-145 -49 0
-180 -60 0
-40 -15 0
-75 -25 0
-110 -35 0
-145 -45 0
-180 -55 0
-40 -14 0
-75 -23 0
-110 -32 0
-145 -41 0
-180 -50 0
-40 -13 0
-75 -21 0
-110 -29 0
-145 -37 0
-180 -45 0
-40 -12 0
-75 -19 0
-110 -26 0
-145 -33 0
-180 -40 0
-40 -11 0
-75 -17 0
-110 -23 0
-145 -29 0
-180 -35 0
-40 -5 0
-75 -5 0
-110 -5 0
-145 -5 0
-180 -5 0
-39 -35 0
-73 -65 0
-107 -95 0
-141 -125 0
-175 -155 0
-39 -34 0
-73 -63 0
-107 -92 0
-141 -121 0
-175 -150 0
-39 -33 0
-73 -61 0
-107 -89 0
-141 -117 0
-175 -145 0
-39 -32 0
-73 -59 0
-107 -86 0
-141 -113 0
-175 -140 0
-39 -29 0
-73 -53 0
-107 -77 0
-141 -101 0
-175 -125 0
-39 -27 0
-73 -49 0
-107 -71 0
-141 -93 0
-175 -115 0
-39 -25 0
-73 -45 0
-107 -65 0
-141 -85 0
-175 -105 0
-39 -17 0
-73 -29 0
-107 -41 0
-141 -53 0
-175 -65 0
-39 -15 0
-73 -25 0
-107 -35 0
-141 -45 0
-175 -55 0
-39 -14 0
-73 -23 0
-107 -32 0
-141 -41 0
-175 -50 0
-39 -11 0
-73 -17 0
-107 -23 0
-141 -29 0
-175 -35 0
-39 -10 0
-73 -15 0
-107 -20 0
-141 -25 0
-175 -30 0
-39 -7 0
-73 -9 0
-107 -11 0
-141 -13 0
-175 -15 0
-39 -6 0
-73 -7 0
-107 -8 0
-141 -9 0
-175 -10 0
-38 -35 0
-71 -65 0
-104 -95 0
-137 -125 0
-170 -155 0
-38 -34 0
-71 -63 0
-104 -92 0
-137 -121 0
-170 -150 0
-38 -33 0
-71 -61 0
-104 -89 0
-137 -117 0
-170 -145 0
-38 -31 0
-71 -57 0
-104 -83 0
-137 -109 0
-170 -135 0
-38 -29 0
-71 -53 0
-104 -77 0
-137 -101 0
-170 -125 0
-38 -22 0
-71 -39 0
-104 -56 0
-137 -73 0
-170 -90 0
-38 -21 0
-71 -37 0
-104 -53 0
-137 -69 0
-170 -85 0
-38 -17 0
-71 -29 0
-104 -41 0
-137 -53 0
-170 -65 0
-38 -15 0
-71 -25 0
-104 -35 0
-137 -45 0
-170 -55 0
-38 -14 0
-71 -23 0
-104 -32 0
-137 -41 0
-170 -50 0
-38 -13 0
-71 -21 0
-104 -29 0
-137 -37 0
-170 -45 0
-38 -11 0
-71 -17 0
-104 -23 0
-137 -29 0
-170 -35 0
-37 -36 0
-69 -67 0
-101 -98 0
-133 -129 0
-165 -160 0
-37 -32 0
-69 -59 0
-101 -86 0
-133 -113 0
-165 -140 0
-37 -31 0
-69 -57 0
-101 -83 0
-133 -109 0
-165 -135 0
-37 -30 0
-69 -55 0
-101 -80 0
-133 -105 0
-165 -130 0
-37 -28 0
-69 -51 0
-101 -74 0
-133 -97 0
-165 -120 0
-37 -26 0
-69 -47 0
-101 -68 0
-133 -89 0
-165 -110 0
-37 -25 0
-69 -45 0
-101 -65 0
-133 -85 0
-165 -105 0
-37 -21 0
-69 -37 0
-101 -53 0
-133 -69 0
-165 -85 0
-37 -20 0
-69 -35 0
-101 -50 0
-133 -65 0
-165 -80 0
-37 -19 0
-69 -33 0
-101 -47 0
-133 -61 0
-165 -75 0
-37 -18 0
-69 -31 0
-101 -44 0
-133 -57 0
-165 -70 0
-37 -16 0
-69 -27 0
-101 -38 0
-133 -49 0
-165 -60 0
-37 -13 0
-69 -21 0
-101 -29 0
-133 -37 0
-165 -45 0
-37 -10 0
-69 -15 0
-101 -20 0
-133 -25 0
-165 -30 0
-36 -32 0
-67 -59 0
-98 -86 0
-129 -113 0
-160 -140 0
-36 -31 0
-67 -57 0
-98 -83 0
-129 -109 0
-160 -135 0
-36 -30 0
-67 -55 0
-98 -80 0
-129 -105 0
-160 -130 0
-36 -29 0
-67 -53 0
-98 -77 0
-129 -101 0
-160 -125 0
-36 -26 0
-67 -47 0
-98 -68 0
-129 -89 0
-160 -110 0
-36 -24 0
-67 -43 0
-98 -62 0
-129 -81 0
-160 -100 0
-36 -23 0
-67 -41 0
-98 -59 0
-129 -77 0
-160 -95 0
-36 -22 0
-67 -39 0
-98 -56 0
-129 -73 0
-160 -90 0
-36 -21 0
-67 -37 0
-98 -53 0
-129 -69 0
-160 -85 0
-36 -20 0
-67 -35 0
-98 -50 0
-129 -65 0
-160 -80 0
-36 -19 0
-67 -33 0
-98 -47 0
-129 -61 0
-160 -75 0
-36 -17 0
-67 -29 0
-98 -41 0
-129 -53 0
-160 -65 0
-36 -15 0
-67 -25 0
-98 -35 0
-129 -45 0
-160 -55 0
-36 -14 0
-67 -23 0
-98 -32 0
-129 -41 0
-160 -50 0
-36 -8 0
-67 -11 0
-98 -14 0
-129 -17 0
-160 -20 0
-36 -5 0
-67 -5 0
-98 -5 0
-129 -5 0
-160 -5 0
-35 -34 0
-65 -63 0
-95 -92 0
-125 -121 0
-155 -150 0
-35 -24 0
-65 -43 0
-95 -62 0
-125 -81 0
-155 -100 0
-35 -23 0
-65 -41 0
-95 -59 0
-125 -77 0
-155 -95 0
-35 -22 0
-65 -39 0
-95 -56 0
-125 -73 0
-155 -90 0
-35 -17 0
-65 -29 0
-95 -41 0
-125 -53 0
-155 -65 0
-35 -14 0
-65 -23 0
-95 -32 0
-125 -41 0
-155 -50 0
-35 -13 0
-65 -21 0
-95 -29 0
-125 -37 0
-155 -45 0
-35 -12 0
-65 -19 0
-95 -26 0
-125 -33 0
-155 -40 0
-35 -11 0
-65 -17 0
-95 -23 0
-125 -29 0
-155 -35 0
-35 -9 0
-65 -13 0
-95 -17 0
-125 -21 0
-155 -25 0
-35 -8 0
-65 -11 0
-95 -14 0
-125 -17 0
-155 -20 0
-34 -33 0
-63 -61 0
-92 -89 0
-121 -117 0
-150 -145 0
-34 -31 0
-63 -57 0
-92 -83 0
-121 -109 0
-150 -135 0
-34 -29 0
-63 -53 0
-92 -77 0
-121 -101 0
-150 -125 0
-34 -24 0
-63 -43 0
-92 -62 0
-121 -81 0
-150 -100 0
-34 -23 0
-63 -41 0
-92 -59 0
-121 -77 0
-150 -95 0
-34 -21 0
-63 -37 0
-92 -53 0
-121 -69 0
-150 -85 0
-34 -17 0
-63 -29 0
-92 -41 0
-121 -53 0
-150 -65 0
-34 -15 0
-63 -25 0
-92 -35 0
-121 -45 0
-150 -55 0
-34 -14 0
-63 -23 0
-92 -32 0
-121 -41 0
-150 -50 0
-34 -13 0
-63 -21 0
-92 -29 0
-121 -37 0
-150 -45 0
-34 -12 0
-63 -19 0
-92 -26 0
-121 -33 0
-150 -40 0
-34 -11 0
-63 -17 0
-92 -23 0
-121 -29 0
-150 -35 0
-34 -9 0
-63 -13 0
-92 -17 0
-121 -21 0
-150 -25 0
-34 -6 0
-63 -7 0
-92 -8 0
-121 -9 0
-150 -10 0
-33 -27 0
-61 -49 0
-89 -71 0
-117 -93 0
-145 -115 0
-33 -25 0
-61 -45 0
-89 -65 0
-117 -85 0
-145 -105 0
-33 -24 0
-61 -43 0
-89 -62 0
-117 -81 0
-145 -100 0
-33 -23 0
-61 -41 0
-89 -59 0
-117 -77 0
-145 -95 0
-33 -17 0
-61 -29 0
-89 -41 0
-117 -53 0
-145 -65 0
-33 -14 0
-61 -23 0
-89 -32 0
-117 -41 0
-145 -50 0
-33 -12 0
-61 -19 0
-89 -26 0
-117 -33 0
-145 -40 0
-33 -11 0
-61 -17 0
-89 -23 0
-117 -29 0
-145 -35 0
-33 -6 0
-61 -7 0
-89 -8 0
-117 -9 0
-145 -10 0
-33 -5 0
-61 -5 0
-89 -5 0
-117 -5 0
-145 -5 0
-32 -30 0
-59 -55 0
-86 -80 0
-113 -105 0
-140 -130 0
-32 -29 0
-59 -53 0
-86 -77 0
-113 -101 0
-140 -125 0
-32 -27 0
-59 -49 0
-86 -71 0
-113 -93 0
-140 -115 0
-32 -25 0
-59 -45 0
-86 -65 0
-113 -85 0
-140 -105 0
-32 -23 0
-59 -41 0
-86 -59 0
-113 -77 0
-140 -95 0
-32 -22 0
-59 -39 0
-86 -56 0
-113 -73 0
-140 -90 0
-32 -20 0
-59 -35 0
-86 -50 0
-113 -65 0
-140 -80 0
-32 -17 0
-59 -29 0
-86 -41 0
-113 -53 0
-140 -65 0
-32 -16 0
-59 -27 0
-86 -38 0
-113 -49 0
-140 -60 0
-32 -15 0
-59 -25 0
-86 -35 0
-113 -45 0
-140 -55 0
-32 -14 0
-59 -23 0
-86 -32 0
-113 -41 0
-140 -50 0
-32 -10 0
-59 -15 0
-86 -20 0
-113 -25 0
-140 -30 0
-32 -9 0
-59 -13 0
-86 -17 0
-113 -21 0
-140 -25 0
-32 -8 0
-59 -11 0
-86 -14 0
-113 -17 0
-140 -20 0
-32 -6 0
-59 -7 0
-86 -8 0
-113 -9 0
-140 -10 0
-32 -5 0
-59 -5 0
-86 -5 0
-113 -5 0
-140 -5 0
-31 -30 0
-57 -55 0
-83 -80 0
-109 -105 0
-135 -130 0
-31 -28 0
-57 -51 0
-83 -74 0
-109 -97 0
-135 -120 0
-31 -25 0
-57 -45 0
-83 -65 0
-109 -85 0
-135 -105 0
-31 -24 0
-57 -43 0
-83 -62 0
-109 -81 0
-135 -100 0
-31 -23 0
-57 -41 0
-83 -59 0
-109 -77 0
-135 -95 0
-31 -22 0
-57 -39 0
-83 -56 0
-109 -73 0
-135 -90 0
-31 -20 0
-57 -35 0
-83 -50 0
-109 -65 0
-135 -80 0
-31 -18 0
-57 -31 0
-83 -44 0
-109 -57 0
-135 -70 0
-31 -16 0
-57 -27 0
-83 -38 0
-109 -49 0
-135 -60 0
-31 -13 0
-57 -21 0
-83 -29 0
-109 -37 0
-135 -45 0
-31 -12 0
-57 -19 0
-83 -26 0
-109 -33 0
-135 -40 0
-31 -11 0
-57 -17 0
-83 -23 0
-109 -29 0
-135 -35 0
-31 -5 0
-57 -5 0
-83 -5 0
-109 -5 0
-135 -5 0
-30 -29 0
-55 -53 0
-80 -77 0
-105 -101 0
-130 -125 0
-30 -28 0
-55 -51 0
-80 -74 0
-105 -97 0
-130 -120 0
-30 -27 0
-55 -49 0
-80 -71 0
-105 -93 0
-130 -115 0
-30 -26 0
-55 -47 0
-80 -68 0
-105 -89 0
-130 -110 0
-30 -23 0
-55 -41 0
-80 -59 0
-105 -77 0
-130 -95 0
-30 -22 0
-55 -39 0
-80 -56 0
-105 -73 0
-130 -90 0
-30 -21 0
-55 -37 0
-80 -53 0
-105 -69 0
-130 -85 0
-30 -19 0
-55 -33 0
-80 -47 0
-105 -61 0
-130 -75 0
-30 -17 0
-55 -29 0
-80 -41 0
-105 -53 0
-130 -65 0
-30 -16 0
-55 -27 0
-80 -38 0
-105 -49 0
-130 -60 0
-30 -15 0
-55 -25 0
-80 -35 0
-105 -45 0
-130 -55 0
-30 -14 0
-55 -23 0
-80 -32 0
-105 -41 0
-130 -50 0
-30 -13 0
-55 -21 0
-80 -29 0
-105 -37 0
-130 -45 0
-30 -6 0
-55 -7 0
-80 -8 0
-105 -9 0
-130 -10 0
-30 -5 0
-55 -5 0
-80 -5 0
-105 -5 0
-130 -5 0
-29 -26 0
-53 -47 0
-77 -68 0
-101 -89 0
-125 -110 0
-29 -24 0
-53 -43 0
-77 -62 0
-101 -81 0
-125 -100 0
-29 -23 0
-53 -41 0
-77 -59 0
-101 -77 0
-125 -95 0
-29 -19 0
-53 -33 0
-77 -47 0
-101 -61 0
-125 -75 0
-29 -17 0
-53 -29 0
-77 -41 0
-101 -53 0
-125 -65 0
-29 -14 0
-53 -23 0
-77 -32 0
-101 -41 0
-125 -50 0
-29 -13 0
-53 -21 0
-77 -29 0
-101 -37 0
-125 -45 0
-29 -12 0
-53 -19 0
-77 -26 0
-101 -33 0
-125 -40 0
-29 -11 0
-53 -17 0
-77 -23 0
-101 -29 0
-125 -35 0
-29 -9 0
-53 -13 0
-77 -17 0
-101 -21 0
-125 -25 0
-29 -8 0
-53 -11 0
-77 -14 0
-101 -17 0
-125 -20 0
-29 -5 0
-53 -5 0
-77 -5 0
-101 -5 0
-125 -5 0
-28 -27 0
-51 -49 0
-74 -71 0
-97 -93 0
-120 -115 0
-28 -26 0
-51 -47 0
-74 -68 0
-97 -89 0
-120 -110 0
-28 -25 0
-51 -45 0
-74 -65 0
-97 -85 0
-120 -105 0
-28 -24 0
-51 -43 0
-74 -62 0
-97 -81 0
-120 -100 0
-28 -20 0
-51 -35 0
-74 -50 0
-97 -65 0
-120 -80 0
-28 -18 0
-51 -31 0
-74 -44 0
-97 -57 0
-120 -70 0
-28 -12 0
-51 -19 0
-74 -26 0
-97 -33 0
-120 -40 0
-28 -11 0
-51 -17 0
-74 -23 0
-97 -29 0
-120 -35 0
-28 -7 0
-51 -9 0
-74 -11 0
-97 -13 0
-120 -15 0
-27 -26 0
-49 -47 0
-71 -68 0
-93 -89 0
-115 -110 0
-27 -25 0
-49 -45 0
-71 -65 0
-93 -85 0
-115 -105 0
-27 -19 0
-49 -33 0
-71 -47 0
-93 -61 0
-115 -75 0
-27 -18 0
-49 -31 0
-71 -44 0
-93 -57 0
-115 -70 0
-27 -16 0
-49 -27 0
-71 -38 0
-93 -49 0
-115 -60 0
-27 -15 0
-49 -25 0
-71 -35 0
-93 -45 0
-115 -55 0
-27 -14 0
-49 -23 0
-71 -32 0
-93 -41 0
-115 -50 0
-27 -6 0
-49 -7 0
-71 -8 0
-93 -9 0
-115 -10 0
-27 -5 0
-49 -5 0
-71 -5 0
-93 -5 0
-115 -5 0
-26 -25 0
-47 -45 0
-68 -65 0
-89 -85 0
-110 -105 0
-26 -23 0
-47 -41 0
-68 -59 0
-89 -77 0
-110 -95 0
-26 -22 0
-47 -39 0
-68 -56 0
-89 -73 0
-110 -90 0
-26 -21 0
-47 -37 0
-68 -53 0
-89 -69 0
-110 -85 0
-26 -20 0
-47 -35 0
-68 -50 0
-89 -65 0
-110 -80 0
-26 -17 0
-47 -29 0
-68 -41 0
-89 -53 0
-110 -65 0
-26 -16 0
-47 -27 0
-68 -38 0
-89 -49 0
-110 -60 0
-26 -15 0
-47 -25 0
-68 -35 0
-89 -45 0
-110 -55 0
-26 -13 0
-47 -21 0
-68 -29 0
-89 -37 0
-110 -45 0
-26 -9 0
-47 -13 0
-68 -17 0
-89 -21 0
-110 -25 0
-26 -8 0
-47 -11 0
-68 -14 0
-89 -17 0
-110 -20 0
-26 -6 0
-47 -7 0
-68 -8 0
-89 -9 0
-110 -10 0
-26 -5 0
-47 -5 0
-68 -5 0
-89 -5 0
-110 -5 0
-25 -16 0
-45 -27 0
-65 -38 0
-85 -49 0
-105 -60 0
-25 -14 0
-45 -23 0
-65 -32 0
-85 -41 0
-105 -50 0
-25 -6 0
-45 -7 0
-65 -8 0
-85 -9 0
-105 -10 0
-25 -5 0
-45 -5 0
-65 -5 0
-85 -5 0
-105 -5 0
-24 -22 0
-43 -39 0
-62 -56 0
-81 -73 0
-100 -90 0
-24 -21 0
-43 -37 0
-62 -53 0
-81 -69 0
-100 -85 0
-24 -18 0
-43 -31 0
-62 -44 0
-81 -57 0
-100 -70 0
-24 -17 0
-43 -29 0
-62 -41 0
-81 -53 0
-100 -65 0
-24 -13 0
-43 -21 0
-62 -29 0
-81 -37 0
-100 -45 0
-24 -11 0
-43 -17 0
-62 -23 0
-81 -29 0
-100 -35 0
-24 -5 0
-43 -5 0
-62 -5 0
-81 -5 0
-100 -5 0
-23 -22 0
-41 -39 0
-59 -56 0
-77 -73 0
-95 -90 0
-23 -20 0
-41 -35 0
-59 -50 0
-77 -65 0
-95 -80 0
-23 -19 0
-41 -33 0
-59 -47 0
-77 -61 0
-95 -75 0
-23 -17 0
-41 -29 0
-59 -41 0
-77 -53 0
-95 -65 0
-23 -16 0
-41 -27 0
-59 -38 0
-77 -49 0
-95 -60 0
-23 -15 0
-41 -25 0
-59 -35 0
-77 -45 0
-95 -55 0
-23 -9 0
-41 -13 0
-59 -17 0
-77 -21 0
-95 -25 0
-23 -8 0
-41 -11 0
-59 -14 0
-77 -17 0
-95 -20 0
-22 -21 0
-39 -37 0
-56 -53 0
-73 -69 0
-90 -85 0
-22 -20 0
-39 -35 0
-56 -50 0
-73 -65 0
-90 -80 0
-22 -19 0
-39 -33 0
-56 -47 0
-73 -61 0
-90 -75 0
-22 -16 0
-39 -27 0
-56 -38 0
-73 -49 0
-90 -60 0
-22 -15 0
-39 -25 0
-56 -35 0
-73 -45 0
-90 -55 0
-22 -14 0
-39 -23 0
-56 -32 0
-73 -41 0
-90 -50 0
-22 -13 0
-39 -21 0
-56 -29 0
-73 -37 0
-90 -45 0
-22 -11 0
-39 -17 0
-56 -23 0
-73 -29 0
-90 -35 0
-22 -5 0
-39 -5 0
-56 -5 0
-73 -5 0
-90 -5 0
-21 -20 0
-37 -35 0
-53 -50 0
-69 -65 0
-85 -80 0
-21 -16 0
-37 -27 0
-53 -38 0
-69 -49 0
-85 -60 0
-21 -13 0
-37 -21 0
-53 -29 0
-69 -37 0
-85 -45 0
-21 -12 0
-37 -19 0
-53 -26 0
-69 -33 0
-85 -40 0
-21 -11 0
-37 -17 0
-53 -23 0
-69 -29 0
-85 -35 0
-21 -10 0
-37 -15 0
-53 -20 0
-69 -25 0
-85 -30 0
-21 -9 0
-37 -13 0
-53 -17 0
-69 -21 0
-85 -25 0
-21 -5 0
-37 -5 0
-53 -5 0
-69 -5 0
-85 -5 0
-20 -19 0
-35 -33 0
-50 -47 0
-65 -61 0
-80 -75 0
-20 -18 0
-35 -31 0
-50 -44 0
-65 -57 0
-80 -70 0
-20 -16 0
-35 -27 0
-50 -38 0
-65 -49 0
-80 -60 0
-20 -13 0
-35 -21 0
-50 -29 0
-65 -37 0
-80 -45 0
-20 -7 0
-35 -9 0
-50 -11 0
-65 -13 0
-80 -15 0
-20 -5 0
-35 -5 0
-50 -5 0
-65 -5 0
-80 -5 0
-19 -17 0
-33 -29 0
-47 -41 0
-61 -53 0
-75 -65 0
-19 -16 0
-33 -27 0
-47 -38 0
-61 -49 0
-75 -60 0
-19 -15 0
-33 -25 0
-47 -35 0
-61 -45 0
-75 -55 0
-19 -14 0
-33 -23 0
-47 -32 0
-61 -41 0
-75 -50 0
-19 -10 0
-33 -15 0
-47 -20 0
-61 -25 0
-75 -30 0
-19 -9 0
-33 -13 0
-47 -17 0
-61 -21 0
-75 -25 0
-19 -8 0
-33 -11 0
-47 -14 0
-61 -17 0
-75 -20 0
-19 -6 0
-33 -7 0
-47 -8 0
-61 -9 0
-75 -10 0
-19 -5 0
-33 -5 0
-47 -5 0
-61 -5 0
-75 -5 0
-18 -16 0
-31 -27 0
-44 -38 0
-57 -49 0
-70 -60 0
-18 -12 0
-31 -19 0
-44 -26 0
-57 -33 0
-70 -40 0
-18 -11 0
-31 -17 0
-44 -23 0
-57 -29 0
-70 -35 0
-18 -10 0
-31 -15 0
-44 -20 0
-57 -25 0
-70 -30 0
-18 -7 0
-31 -9 0
-44 -11 0
-57 -13 0
-70 -15 0
-17 -15 0
-29 -25 0
-41 -35 0
-53 -45 0
-65 -55 0
-17 -14 0
-29 -23 0
-41 -32 0
-53 -41 0
-65 -50 0
-17 -13 0
-29 -21 0
-41 -29 0
-53 -37 0
-65 -45 0
-17 -12 0
-29 -19 0
-41 -26 0
-53 -33 0
-65 -40 0
-17 -10 0
-29 -15 0
-41 -20 0
-53 -25 0
-65 -30 0
-17 -9 0
-29 -13 0
-41 -17 0
-53 -21 0
-65 -25 0
-17 -8 0
-29 -11 0
-41 -14 0
-53 -17 0
-65 -20 0
-17 -5 0
-29 -5 0
-41 -5 0
-53 -5 0
-65 -5 0
-16 -7 0
-27 -9 0
-38 -11 0
-49 -13 0
-60 -15 0
-16 -5 0
-27 -5 0
-38 -5 0
-49 -5 0
-60 -5 0
-15 -14 0
-25 -23 0
-35 -32 0
-45 -41 0
-55 -50 0
-15 -9 0
-25 -13 0
-35 -17 0
-45 -21 0
-55 -25 0
-15 -8 0
-25 -11 0
-35 -14 0
-45 -17 0
-55 -20 0
-15 -5 0
-25 -5 0
-35 -5 0
-45 -5 0
-55 -5 0
-14 -12 0
-23 -19 0
-32 -26 0
-41 -33 0
-50 -40 0
-14 -9 0
-23 -13 0
-32 -17 0
-41 -21 0
-50 -25 0
-14 -8 0
-23 -11 0
-32 -14 0
-41 -17 0
-50 -20 0
-14 -6 0
-23 -7 0
-32 -8 0
-41 -9 0
-50 -10 0
-13 -12 0
-21 -19 0
-29 -26 0
-37 -33 0
-45 -40 0
-13 -11 0
-21 -17 0
-29 -23 0
-37 -29 0
-45 -35 0
-13 -10 0
-21 -15 0
-29 -20 0
-37 -25 0
-45 -30 0
-13 -9 0
-21 -13 0
-29 -17 0
-37 -21 0
-45 -25 0
-13 -7 0
-21 -9 0
-29 -11 0
-37 -13 0
-45 -15 0
-13 -5 0
-21 -5 0
-29 -5 0
-37 -5 0
-45 -5 0
-12 -11 0
-19 -17 0
-26 -23 0
-33 -29 0
-40 -35 0
-12 -10 0
-19 -15 0
-26 -20 0
-33 -25 0
-40 -30 0
-12 -7 0
-19 -9 0
-26 -11 0
-33 -13 0
-40 -15 0
-12 -6 0
-19 -7 0
-26 -8 0
-33 -9 0
-40 -10 0
-11 -7 0
-17 -9 0
-23 -11 0
-29 -13 0
-35 -15 0
-10 -9 0
-15 -13 0
-20 -17 0
-25 -21 0
-30 -25 0
-10 -8 0
-15 -11 0
-20 -14 0
-25 -17 0
-30 -20 0
-10 -7 0
-15 -9 0
-20 -11 0
-25 -13 0
-30 -15 0
-10 -6 0
-15 -7 0
-20 -8 0
-25 -9 0
-30 -10 0
-9 -7 0
-13 -9 0
-17 -11 0
-21 -13 0
-25 -15 0
-9 -6 0
-13 -7 0
-17 -8 0
-21 -9 0
-25 -10 0
-8 -7 0
-11 -9 0
-14 -11 0
-17 -13 0
-20 -15 0
-8 -6 0
-11 -7 0
-14 -8 0
-17 -9 0
-20 -10 0
-7 -6 0
-9 -7 0
-11 -8 0
-13 -9 0
-15 -10 0
54 103 152 201 250 0
-54 -103 0
-54 -152 0
-54 -201 0
-54 -250 0
-103 -152 0
-103 -201 0
-103 -250 0
-152 -201 0
-152 -250 0
-201 -250 0
53 101 149 197 245 0
-53 -101 0
-53 -149 0
-53 -197 0
-53 -245 0
-101 -149 0
-101 -197 0
-101 -245 0
-149 -197 0
-149 -245 0
-197 -245 0
52 99 146 193 240 0
-52 -99 0
-52 -146 0
-52 -193 0
-52 -240 0
-99 -146 0
-99 -193 0
-99 -240 0
-146 -193 0
-146 -240 0
-193 -240 0
51 97 143 189 235 0
-51 -97 0
-51 -143 0
-51 -189 0
-51 -235 0
-97 -143 0
-97 -189 0
-97 -235 0
-143 -189 0
-143 -235 0
-189 -235 0
50 95 140 185 230 0
-50 -95 0
-50 -140 0
-50 -185 0
-50 -230 0
-95 -140 0
-95 -185 0
-95 -230 0
-140 -185 0
-140 -230 0
-185 -230 0
49 93 137 181 225 0
-49 -93 0
-49 -137 0
-49 -181 0
-49 -225 0
-93 -137 0
-93 -181 0
-93 -225 0
-137 -181 0
-137 -225 0
-181 -225 0
48 91 134 177 220 0
-48 -91 0
-48 -134 0
-48 -177 0
-48 -220 0
-91 -134 0
-91 -177 0
-91 -220 0
-134 -177 0
-134 -220 0
-177 -220 0
47 89 131 173 215 0
-47 -89 0
-47 -131 0
-47 -173 0
-47 -215 0
-89 -131 0
-89 -173 0
-89 -215 0
-131 -173 0
-131 -215 0
-173 -215 0
46 87 128 169 210 0
-46 -87 0
-46 -128 0
-46 -169 0
-46 -210 0
-87 -128 0
-87 -169 0
-87 -210 0
-128 -169 0
-128 -210 0
-169 -210 0
45 85 125 165 205 0
-45 -85 0
-45 -125 0
-45 -165 0
-45 -205 0
-85 -125 0
-85 -165 0
-85 -205 0
-125 -165 0
-125 -205 0
-165 -205 0
44 83 122 161 200 0
-44 -83 0
-44 -122 0
-44 -161 0
-44 -200 0
-83 -122 0
-83 -161 0
-83 -200 0
-122 -161 0
-122 -200 0
-161 -200 0
43 81 119 157 195 0
-43 -81 0
-43 -119 0
-43 -157 0
-43 -195 0
-81 -119 0
-81 -157 0
-81 -195 0
-119 -157 0
-119 -195 0
-157 -195 0
42 79 116 153 190 0
-42 -79 0
-42 -116 0
-42 -153 0
-42 -190 0
-79 -116 0
-79 -153 0
-79 -190 0
-116 -153 0
-116 -190 0
-153 -190 0
41 77 113 149 185 0
-41 -77 0
-41 -113 0
-41 -149 0
-41 -185 0
-77 -113 0
-77 -149 0
-77 -185 0
-113 -149 0
-113 -185 0
-149 -185 0
40 75 110 145 180 0
-40 -75 0
-40 -110 0
-40 -145 0
-40 -180 0
-75 -110 0
-75 -145 0
-75 -180 0
-110 -145 0
-110 -180 0
-145 -180 0
39 73 107 141 175 0
-39 -73 0
-39 -107 0
-39 -141 0
-39 -175 0
-73 -107 0
-73 -141 0
-73 -175 0
-107 -141 0
-107 -175 0
-141 -175 0
38 71 104 137 170 0
-38 -71 0
-38 -104 0
-38 -137 0
-38 -170 0
-71 -104 0
-71 -137 0
-71 -170 0
-104 -137 0
-104 -170 0
-137 -170 0
37 69 101 133 165 0
-37 -69 0
-37 -101 0
-37 -133 0
-37 -165 0
-69 -101 0
-69 -133 0
-69 -165 0
-101 -133 0
-101 -165 0
-133 -165 0
36 67 98 129 160 0
-36 -67 0
-36 -98 0
-36 -129 0
-36 -160 0
-67 -98 0
-67 -129 0
-67 -160 0
-98 -129 0
-98 -160 0
-129 -160 0
35 65 95 125 155 0
-35 -65 0
-35 -95 0
-35 -125 0
-35 -155 0
-65 -95 0
-65 -125 0
-65 -155 0
-95 -125 0
-95 -155 0
-125 -155 0
34 63 92 121 150 0
-34 -63 0
-34 -92 0
-34 -121 0
-34 -150 0
-63 -92 0
-63 -121 0
-63 -150 0
-92 -121 0
-92 -150 0
-121 -150 0
33 61 89 117 145 0
-33 -61 0
-33 -89 0
-33 -117 0
-33 -145 0
-61 -89 0
-61 -117 0
-61 -145 0
-89 -117 0
-89 -145 0
-117 -145 0
32 59 86 113 140 0
-32 -59 0
-32 -86 0
-32 -113 0
-32 -140 0
-59 -86 0
-59 -113 0
-59 -140 0
-86 -113 0
-86 -140 0
-113 -140 0
31 57 83 109 135 0
-31 -57 0
-31 -83 0
-31 -109 0
-31 -135 0
-57 -83 0
-57 -109 0
-57 -135 0
-83 -109 0
-83 -135 0
-109 -135 0
30 55 80 105 130 0
-30 -55 0
-30 -80 0
-30 -105 0
-30 -130 0
-55 -80 0
-55 -105 0
-55 -130 0
-80 -105 0
-80 -130 0
-105 -130 0
29 53 77 101 125 0
-29 -53 0
-29 -77 0
-29 -101 0
-29 -125 0
-53 -77 0
-53 -101 0
-53 -125 0
-77 -101 0
-77 -125 0
-101 -125 0
28 51 74 97 120 0
-28 -51 0
-28 -74 0
-28 -97 0
-28 -120 0
-51 -74 0
-51 -97 0
-51 -120 0
-74 -97 0
-74 -120 0
-97 -120 0
27 49 71 93 115 0
-27 -49 0
-27 -71 0
-27 -93 0
-27 -115 0
-49 -71 0
-49 -93 0
-49 -115 0
-71 -93 0
-71 -115 0
-93 -115 0
26 47 68 89 110 0
-26 -47 0
-26 -68 0
-26 -89 0
-26 -110 0
-47 -68 0
-47 -89 0
-47 -110 0
-68 -89 0
-68 -110 0
-89 -110 0
25 45 65 85 105 0
-25 -45 0
-25 -65 0
-25 -85 0
-25 -105 0
-45 -65 0
-45 -85 0
-45 -105 0
-65 -85 0
-65 -105 0
-85 -105 0
24 43 62 81 100 0
-24 -43 0
-24 -62 0
-24 -81 0
-24 -100 0
-43 -62 0
-43 -81 0
-43 -100 0
-62 -81 0
-62 -100 0
-81 -100 0
23 41 59 77 95 0
-23 -41 0
-23 -59 0
-23 -77 0
-23 -95 0
-41 -59 0
-41 -77 0
-41 -95 0
-59 -77 0
-59 -95 0
-77 -95 0
22 39 56 73 90 0
-22 -39 0
-22 -56 0
-22 -73 0
-22 -90 0
-39 -56 0
-39 -73 0
-39 -90 0
-56 -73 0
-56 -90 0
-73 -90 0
21 37 53 69 85 0
-21 -37 0
-21 -53 0
-21 -69 0
-21 -85 0
-37 -53 0
-37 -69 0
-37 -85 0
-53 -69 0
-53 -85 0
-69 -85 0
20 35 50 65 80 0
-20 -35 0
-20 -50 0
-20 -65 0
-20 -80 0
-35 -50 0
-35 -65 0
-35 -80 0
-50 -65 0
-50 -80 0
-65 -80 0
19 33 47 61 75 0
-19 -33 0
-19 -47 0
-19 -61 0
-19 -75 0
-33 -47 0
-33 -61 0
-33 -75 0
-47 -61 0
-47 -75 0
-61 -75 0
18 31 44 57 70 0
-18 -31 0
-18 -44 0
-18 -57 0
-18 -70 0
-31 -44 0
-31 -57 0
-31 -70 0
-44 -57 0
-44 -70 0
-57 -70 0
17 29 41 53 65 0
-17 -29 0
-17 -41 0
-17 -53 0
-17 -65 0
-29 -41 0
-29 -53 0
-29 -65 0
-41 -53 0
-41 -65 0
-53 -65 0
16 27 38 49 60 0
-16 -27 0
-16 -38 0
-16 -49 0
-16 -60 0
-27 -38 0
-27 -49 0
-27 -60 0
-38 -49 0
-38 -60 0
-49 -60 0
15 25 35 45 55 0
-15 -25 0
-15 -35 0
-15 -45 0
-15 -55 0
-25 -35 0
-25 -45 0
-25 -55 0
-35 -45 0
-35 -55 0
-45 -55 0
14 23 32 41 50 0
-14 -23 0
-14 -32 0
-14 -41 0
-14 -50 0
-23 -32 0
-23 -41 0
-23 -50 0
-32 -41 0
-32 -50 0
-41 -50 0
13 21 29 37 45 0
-13 -21 0
-13 -29 0
-13 -37 0
-13 -45 0
-21 -29 0
-21 -37 0
-21 -45 0
-29 -37 0
-29 -45 0
-37 -45 0
12 19 26 33 40 0
-12 -19 0
-12 -26 0
-12 -33 0
-12 -40 0
-19 -26 0
-19 -33 0
-19 -40 0
-26 -33 0
-26 -40 0
-33 -40 0
11 17 23 29 35 0
-11 -17 0
-11 -23 0
-11 -29 0
-11 -35 0
-17 -23 0
-17 -29 0
-17 -35 0
-23 -29 0
-23 -35 0
-29 -35 0
10 15 20 25 30 0
-10 -15 0
-10 -20 0
-10 -25 0
-10 -30 0
-15 -20 0
-15 -25 0
-15 -30 0
-20 -25 0
-20 -30 0
-25 -30 0
9 13 17 21 25 0
-9 -13 0
-9 -17 0
-9 -21 0
-9 -25 0
-13 -17 0
-13 -21 0
-13 -25 0
-17 -21 0
-17 -25 0
-21 -25 0
8 11 14 17 20 0
-8 -11 0
-8 -14 0
-8 -17 0
-8 -20 0
-11 -14 0
-11 -17 0
-11 -20 0
-14 -17 0
-14 -20 0
-17 -20 0
7 9 11 13 15 0
-7 -9 0
-7 -11 0
-7 -13 0
-7 -15 0
-9 -11 0
-9 -13 0
-9 -15 0
-11 -13 0
-11 -15 0
-13 -15 0
6 7 8 9 10 0
-6 -7 0
-6 -8 0
-6 -9 0
-6 -10 0
-7 -8 0
-7 -9 0
-7 -10 0
-8 -9 0
-8 -10 0
-9 -10 0
5 5 5 5 5 0
-5 -5 0
-5 -5 0
-5 -5 0
-5 -5 0
-5 -5 0
-5 -5 0
-5 -5 0
-5 -5 0
-5 -5 0
-5 -5 0
