p cnf 300 4130
-55 -54 0
-104 -102 0
-153 -150 0
-202 -198 0
-251 -246 0
-300 -294 0
-55 -48 0
-104 -90 0
-153 -132 0
-202 -174 0
-251 -216 0
-300 -258 0
-55 -46 0
-104 -86 0
-153 -126 0
-202 -166 0
-251 -206 0
-300 -246 0
-55 -44 0
-104 -82 0
-153 -120 0
-202 -158 0
-251 -196 0
-300 -234 0
-55 -42 0
-104 -78 0
-153 -114 0
-202 -150 0
-251 -186 0
-300 -222 0
-55 -38 0
-104 -70 0
-153 -102 0
-202 -134 0
-251 -166 0
-300 -198 0
-55 -37 0
-104 -68 0
-153 -99 0
-202 -130 0
-251 -161 0
-300 -192 0
-55 -31 0
-104 -56 0
-153 -81 0
-202 -106 0
-251 -131 0
-300 -156 0
-55 -29 0
-104 -52 0
-153 -75 0
-202 -98 0
-251 -121 0
-300 -144 0
-55 -28 0
-104 -50 0
-153 -72 0
-202 -94 0
-251 -116 0
-300 -138 0
-55 -26 0
-104 -46 0
-153 -66 0
-202 -86 0
-251 -106 0
-300 -126 0
-55 -23 0
-104 -40 0
-153 -57 0
-202 -74 0
-251 -91 0
-300 -108 0
-55 -22 0
-104 -38 0
-153 -54 0
-202 -70 0
-251 -86 0
-300 -102 0
-55 -21 0
-104 -36 0
-153 -51 0
-202 -66 0
-251 -81 0
-300 -96 0
-55 -19 0
-104 -32 0
-153 -45 0
-202 -58 0
-251 -71 0
-300 -84 0
-55 -17 0
-104 -28 0
-153 -39 0
-202 -50 0
-251 -61 0
-300 -72 0
-55 -14 0
-104 -22 0
-153 -30 0
-202 -38 0
-251 -46 0
-300 -54 0
-55 -8 0
-104 -10 0
-153 -12 0
-202 -14 0
-251 -16 0
-300 -18 0
-54 -53 0
-102 -100 0
-150 -147 0
-198 -194 0
-246 -241 0
-294 -288 0
-54 -52 0
-102 -98 0
-150 -144 0
-198 -190 0
-246 -236 0
-294 -282 0
-54 -51 0
-102 -96 0
-150 -141 0
-198 -186 0
-246 -231 0
-294 -276 0
-54 -50 0
-102 -94 0
-150 -138 0
-198 -182 0
-246 -226 0
-294 -270 0
-54 -47 0
-102 -88 0
-150 -129 0
-198 -170 0
-246 -211 0
-294 -252 0
-54 -42 0
-102 -78 0
-150 -114 0
-198 -150 0
-246 -186 0
-294 -222 0
-54 -41 0
-102 -76 0
-150 -111 0
-198 -146 0
-246 -181 0
-294 -216 0
-54 -39 0
-102 -72 0
-150 -105 0
-198 -138 0
-246 -171 0
-294 -204 0
-54 -38 0
-102 -70 0
-150 -102 0
-198 -134 0
-246 -166 0
-294 -198 0
-54 -36 0
-102 -66 0
-150 -96 0
-198 -126 0
-246 -156 0
-294 -186 0
-54 -35 0
-102 -64 0
-150 -93 0
-198 -122 0
-246 -151 0
-294 -180 0
-54 -32 0
-102 -58 0
-150 -84 0
-198 -110 0
-246 -136 0
-294 -162 0
-54 -29 0
-102 -52 0
-150 -75 0
-198 -98 0
-246 -121 0
-294 -144 0
-54 -26 0
-102 -46 0
-150 -66 0
-198 -86 0
-246 -106 0
-294 -126 0
-54 -25 0
-102 -44 0
-150 -63 0
-198 -82 0
-246 -101 0
-294 -120 0
-54 -19 0
-102 -32 0
-150 -45 0
-198 -58 0
-246 -71 0
-294 -84 0
-54 -17 0
-102 -28 0
-150 -39 0
-198 -50 0
-246 -61 0
-294 -72 0
-54 -13 0
-102 -20 0
-150 -27 0
-198 -34 0
-246 -41 0
-294 -48 0
-54 -12 0
-102 -18 0
-150 -24 0
-198 -30 0
-246 -36 0
-294 -42 0
-54 -11 0
-102 -16 0
-150 -21 0
-198 -26 0
-246 -31 0
-294 -36 0
-54 -8 0
-102 -10 0
-150 -12 0
-198 -14 0
-246 -16 0
-294 -18 0
-53 -51 0
-100 -96 0
-147 -141 0
-194 -186 0
-241 -231 0
-288 -276 0
-53 -50 0
-100 -94 0
-147 -138 0
-194 -182 0
-241 -226 0
-288 -270 0
-53 -49 0
-100 -92 0
-147 -135 0
-194 -178 0
-241 -221 0
-288 -264 0
-53 -46 0
-100 -86 0
-147 -126 0
-194 -166 0
-241 -206 0
-288 -246 0
-53 -45 0
-100 -84 0
-147 -123 0
-194 -162 0
-241 -201 0
-288 -240 0
-53 -44 0
-100 -82 0
-147 -120 0
-194 -158 0
-241 -196 0
-288 -234 0
-53 -43 0
-100 -80 0
-147 -117 0
-194 -154 0
-241 -191 0
-288 -228 0
-53 -41 0
-100 -76 0
-147 -111 0
-194 -146 0
-241 -181 0
-288 -216 0
-53 -39 0
-100 -72 0
-147 -105 0
-194 -138 0
-241 -171 0
-288 -204 0
-53 -38 0
-100 -70 0
-147 -102 0
-194 -134 0
-241 -166 0
-288 -198 0
-53 -36 0
-100 -66 0
-147 -96 0
-194 -126 0
-241 -156 0
-288 -186 0
-53 -35 0
-100 -64 0
-147 -93 0
-194 -122 0
-241 -151 0
-288 -180 0
-53 -34 0
-100 -62 0
-147 -90 0
-194 -118 0
-241 -146 0
-288 -174 0
-53 -32 0
-100 -58 0
-147 -84 0
-194 -110 0
-241 -136 0
-288 -162 0
-53 -30 0
-100 -54 0
-147 -78 0
-194 -102 0
-241 -126 0
-288 -150 0
-53 -25 0
-100 -44 0
-147 -63 0
-194 -82 0
-241 -101 0
-288 -120 0
-53 -23 0
-100 -40 0
-147 -57 0
-194 -74 0
-241 -91 0
-288 -108 0
-53 -22 0
-100 -38 0
-147 -54 0
-194 -70 0
-241 -86 0
-288 -102 0
-53 -21 0
-100 -36 0
-147 -51 0
-194 -66 0
-241 -81 0
-288 -96 0
-53 -18 0
-100 -30 0
-147 -42 0
-194 -54 0
-241 -66 0
-288 -78 0
-53 -13 0
-100 -20 0
-147 -27 0
-194 -34 0
-241 -41 0
-288 -48 0
-53 -12 0
-100 -18 0
-147 -24 0
-194 -30 0
-241 -36 0
-288 -42 0
-53 -11 0
-100 -16 0
-147 -21 0
-194 -26 0
-241 -31 0
-288 -36 0
-53 -10 0
-100 -14 0
-147 -18 0
-194 -22 0
-241 -26 0
-288 -30 0
-53 -9 0
-100 -12 0
-147 -15 0
-194 -18 0
-241 -21 0
-288 -24 0
-53 -6 0
-100 -6 0
-147 -6 0
-194 -6 0
-241 -6 0
-288 -6 0
-52 -51 0
-98 -96 0
-144 -141 0
-190 -186 0
-236 -231 0
-282 -276 0
-52 -50 0
-98 -94 0
-144 -138 0
-190 -182 0
-236 -226 0
-282 -270 0
-52 -45 0
-98 -84 0
-144 -123 0
-190 -162 0
-236 -201 0
-282 -240 0
-52 -44 0
-98 -82 0
-144 -120 0
-190 -158 0
-236 -196 0
-282 -234 0
-52 -40 0
-98 -74 0
-144 -108 0
-190 -142 0
-236 -176 0
-282 -210 0
-52 -39 0
-98 -72 0
-144 -105 0
-190 -138 0
-236 -171 0
-282 -204 0
-52 -36 0
-98 -66 0
-144 -96 0
-190 -126 0
-236 -156 0
-282 -186 0
-52 -35 0
-98 -64 0
-144 -93 0
-190 -122 0
-236 -151 0
-282 -180 0
-52 -34 0
-98 -62 0
-144 -90 0
-190 -118 0
-236 -146 0
-282 -174 0
-52 -32 0
-98 -58 0
-144 -84 0
-190 -110 0
-236 -136 0
-282 -162 0
-52 -25 0
-98 -44 0
-144 -63 0
-190 -82 0
-236 -101 0
-282 -120 0
-52 -19 0
-98 -32 0
-144 -45 0
-190 -58 0
-236 -71 0
-282 -84 0
-52 -15 0
-98 -24 0
-144 -33 0
-190 -42 0
-236 -51 0
-282 -60 0
-52 -13 0
-98 -20 0
-144 -27 0
-190 -34 0
-236 -41 0
-282 -48 0
-52 -12 0
-98 -18 0
-144 -24 0
-190 -30 0
-236 -36 0
-282 -42 0
-52 -11 0
-98 -16 0
-144 -21 0
-190 -26 0
-236 -31 0
-282 -36 0
-52 -8 0
-98 -10 0
-144 -12 0
-190 -14 0
-236 -16 0
-282 -18 0
-51 -50 0
-96 -94 0
-141 -138 0
-186 -182 0
-231 -226 0
-276 -270 0
-51 -49 0
-96 -92 0
-141 -135 0
-186 -178 0
-231 -221 0
-276 -264 0
-51 -46 0
-96 -86 0
-141 -126 0
-186 -166 0
-231 -206 0
-276 -246 0
-51 -45 0
-96 -84 0
-141 -123 0
-186 -162 0
-231 -201 0
-276 -240 0
-51 -43 0
-96 -80 0
-141 -117 0
-186 -154 0
-231 -191 0
-276 -228 0
-51 -42 0
-96 -78 0
-141 -114 0
-186 -150 0
-231 -186 0
-276 -222 0
-51 -41 0
-96 -76 0
-141 -111 0
-186 -146 0
-231 -181 0
-276 -216 0
-51 -40 0
-96 -74 0
-141 -108 0
-186 -142 0
-231 -176 0
-276 -210 0
-51 -39 0
-96 -72 0
-141 -105 0
-186 -138 0
-231 -171 0
-276 -204 0
-51 -36 0
-96 -66 0
-141 -96 0
-186 -126 0
-231 -156 0
-276 -186 0
-51 -35 0
-96 -64 0
-141 -93 0
-186 -122 0
-231 -151 0
-276 -180 0
-51 -34 0
-96 -62 0
-141 -90 0
-186 -118 0
-231 -146 0
-276 -174 0
-51 -32 0
-96 -58 0
-141 -84 0
-186 -110 0
-231 -136 0
-276 -162 0
-51 -30 0
-96 -54 0
-141 -78 0
-186 -102 0
-231 -126 0
-276 -150 0
-51 -25 0
-96 -44 0
-141 -63 0
-186 -82 0
-231 -101 0
-276 -120 0
-51 -22 0
-96 -38 0
-141 -54 0
-186 -70 0
-231 -86 0
-276 -102 0
-51 -19 0
-96 -32 0
-141 -45 0
-186 -58 0
-231 -71 0
-276 -84 0
-51 -18 0
-96 -30 0
-141 -42 0
-186 -54 0
-231 -66 0
-276 -78 0
-51 -16 0
-96 -26 0
-141 -36 0
-186 -46 0
-231 -56 0
-276 -66 0
-51 -15 0
-96 -24 0
-141 -33 0
-186 -42 0
-231 -51 0
-276 -60 0
-51 -14 0
-96 -22 0
-141 -30 0
-186 -38 0
-231 -46 0
-276 -54 0
-51 -13 0
-96 -20 0
-141 -27 0
-186 -34 0
-231 -41 0
-276 -48 0
-51 -12 0
-96 -18 0
-141 -24 0
-186 -30 0
-231 -36 0
-276 -42 0
-51 -10 0
-96 -14 0
-141 -18 0
-186 -22 0
-231 -26 0
-276 -30 0
-50 -47 0
-94 -88 0
-138 -129 0
-182 -170 0
-226 -211 0
-270 -252 0
-50 -46 0
-94 -86 0
-138 -126 0
-182 -166 0
-226 -206 0
-270 -246 0
-50 -39 0
-94 -72 0
-138 -105 0
-182 -138 0
-226 -171 0
-270 -204 0
-50 -38 0
-94 -70 0
-138 -102 0
-182 -134 0
-226 -166 0
-270 -198 0
-50 -37 0
-94 -68 0
-138 -99 0
-182 -130 0
-226 -161 0
-270 -192 0
-50 -36 0
-94 -66 0
-138 -96 0
-182 -126 0
-226 -156 0
-270 -186 0
-50 -32 0
-94 -58 0
-138 -84 0
-182 -110 0
-226 -136 0
-270 -162 0
-50 -31 0
-94 -56 0
-138 -81 0
-182 -106 0
-226 -131 0
-270 -156 0
-50 -29 0
-94 -52 0
-138 -75 0
-182 -98 0
-226 -121 0
-270 -144 0
-50 -26 0
-94 -46 0
-138 -66 0
-182 -86 0
-226 -106 0
-270 -126 0
-50 -25 0
-94 -44 0
-138 -63 0
-182 -82 0
-226 -101 0
-270 -120 0
-50 -24 0
-94 -42 0
-138 -60 0
-182 -78 0
-226 -96 0
-270 -114 0
-50 -23 0
-94 -40 0
-138 -57 0
-182 -74 0
-226 -91 0
-270 -108 0
-50 -22 0
-94 -38 0
-138 -54 0
-182 -70 0
-226 -86 0
-270 -102 0
-50 -21 0
-94 -36 0
-138 -51 0
-182 -66 0
-226 -81 0
-270 -96 0
-50 -19 0
-94 -32 0
-138 -45 0
-182 -58 0
-226 -71 0
-270 -84 0
-50 -17 0
-94 -28 0
-138 -39 0
-182 -50 0
-226 -61 0
-270 -72 0
-50 -16 0
-94 -26 0
-138 -36 0
-182 -46 0
-226 -56 0
-270 -66 0
-50 -14 0
-94 -22 0
-138 -30 0
-182 -38 0
-226 -46 0
-270 -54 0
-50 -13 0
-94 -20 0
-138 -27 0
-182 -34 0
-226 -41 0
-270 -48 0
-50 -12 0
-94 -18 0
-138 -24 0
-182 -30 0
-226 -36 0
-270 -42 0
-50 -6 0
-94 -6 0
-138 -6 0
-182 -6 0
-226 -6 0
-270 -6 0
-49 -48 0
-92 -90 0
-135 -132 0
-178 -174 0
-221 -216 0
-264 -258 0
-49 -47 0
-92 -88 0
-135 -129 0
-178 -170 0
-221 -211 0
-264 -252 0
-49 -45 0
-92 -84 0
-135 -123 0
-178 -162 0
-221 -201 0
-264 -240 0
-49 -41 0
-92 -76 0
-135 -111 0
-178 -146 0
-221 -181 0
-264 -216 0
-49 -37 0
-92 -68 0
-135 -99 0
-178 -130 0
-221 -161 0
-264 -192 0
-49 -36 0
-92 -66 0
-135 -96 0
-178 -126 0
-221 -156 0
-264 -186 0
-49 -35 0
-92 -64 0
-135 -93 0
-178 -122 0
-221 -151 0
-264 -180 0
-49 -34 0
-92 -62 0
-135 -90 0
-178 -118 0
-221 -146 0
-264 -174 0
-49 -33 0
-92 -60 0
-135 -87 0
-178 -114 0
-221 -141 0
-264 -168 0
-49 -30 0
-92 -54 0
-135 -78 0
-178 -102 0
-221 -126 0
-264 -150 0
-49 -27 0
-92 -48 0
-135 -69 0
-178 -90 0
-221 -111 0
-264 -132 0
-49 -24 0
-92 -42 0
-135 -60 0
-178 -78 0
-221 -96 0
-264 -114 0
-49 -23 0
-92 -40 0
-135 -57 0
-178 -74 0
-221 -91 0
-264 -108 0
-49 -20 0
-92 -34 0
-135 -48 0
-178 -62 0
-221 -76 0
-264 -90 0
-49 -18 0
-92 -30 0
-135 -42 0
-178 -54 0
-221 -66 0
-264 -78 0
-49 -16 0
-92 -26 0
-135 -36 0
-178 -46 0
-221 -56 0
-264 -66 0
-49 -15 0
-92 -24 0
-135 -33 0
-178 -42 0
-221 -51 0
-264 -60 0
-49 -6 0
-92 -6 0
-135 -6 0
-178 -6 0
-221 -6 0
-264 -6 0
-48 -46 0
-90 -86 0
-132 -126 0
-174 -166 0
-216 -206 0
-258 -246 0
-48 -45 0
-90 -84 0
-132 -123 0
-174 -162 0
-216 -201 0
-258 -240 0
-48 -40 0
-90 -74 0
-132 -108 0
-174 -142 0
-216 -176 0
-258 -210 0
-48 -33 0
-90 -60 0
-132 -87 0
-174 -114 0
-216 -141 0
-258 -168 0
-48 -31 0
-90 -56 0
-132 -81 0
-174 -106 0
-216 -131 0
-258 -156 0
-48 -30 0
-90 -54 0
-132 -78 0
-174 -102 0
-216 -126 0
-258 -150 0
-48 -28 0
-90 -50 0
-132 -72 0
-174 -94 0
-216 -116 0
-258 -138 0
-48 -27 0
-90 -48 0
-132 -69 0
-174 -90 0
-216 -111 0
-258 -132 0
-48 -26 0
-90 -46 0
-132 -66 0
-174 -86 0
-216 -106 0
-258 -126 0
-48 -24 0
-90 -42 0
-132 -60 0
-174 -78 0
-216 -96 0
-258 -114 0
-48 -21 0
-90 -36 0
-132 -51 0
-174 -66 0
-216 -81 0
-258 -96 0
-48 -20 0
-90 -34 0
-132 -48 0
-174 -62 0
-216 -76 0
-258 -90 0
-48 -18 0
-90 -30 0
-132 -42 0
-174 -54 0
-216 -66 0
-258 -78 0
-48 -16 0
-90 -26 0
-132 -36 0
-174 -46 0
-216 -56 0
-258 -66 0
-48 -11 0
-90 -16 0
-132 -21 0
-174 -26 0
-216 -31 0
-258 -36 0
-48 -10 0
-90 -14 0
-132 -18 0
-174 -22 0
-216 -26 0
-258 -30 0
-48 -9 0
-90 -12 0
-132 -15 0
-174 -18 0
-216 -21 0
-258 -24 0
-48 -8 0
-90 -10 0
-132 -12 0
-174 -14 0
-216 -16 0
-258 -18 0
-47 -45 0
-88 -84 0
-129 -123 0
-170 -162 0
-211 -201 0
-252 -240 0
-47 -41 0
-88 -76 0
-129 -111 0
-170 -146 0
-211 -181 0
-252 -216 0
-47 -40 0
-88 -74 0
-129 -108 0
-170 -142 0
-211 -176 0
-252 -210 0
-47 -37 0
-88 -68 0
-129 -99 0
-170 -130 0
-211 -161 0
-252 -192 0
-47 -35 0
-88 -64 0
-129 -93 0
-170 -122 0
-211 -151 0
-252 -180 0
-47 -34 0
-88 -62 0
-129 -90 0
-170 -118 0
-211 -146 0
-252 -174 0
-47 -32 0
-88 -58 0
-129 -84 0
-170 -110 0
-211 -136 0
-252 -162 0
-47 -31 0
-88 -56 0
-129 -81 0
-170 -106 0
-211 -131 0
-252 -156 0
-47 -30 0
-88 -54 0
-129 -78 0
-170 -102 0
-211 -126 0
-252 -150 0
-47 -29 0
-88 -52 0
-129 -75 0
-170 -98 0
-211 -121 0
-252 -144 0
-47 -28 0
-88 -50 0
-129 -72 0
-170 -94 0
-211 -116 0
-252 -138 0
-47 -25 0
-88 -44 0
-129 -63 0
-170 -82 0
-211 -101 0
-252 -120 0
-47 -24 0
-88 -42 0
-129 -60 0
-170 -78 0
-211 -96 0
-252 -114 0
-47 -23 0
-88 -40 0
-129 -57 0
-170 -74 0
-211 -91 0
-252 -108 0
-47 -16 0
-88 -26 0
-129 -36 0
-170 -46 0
-211 -56 0
-252 -66 0
-47 -15 0
-88 -24 0
-129 -33 0
-170 -42 0
-211 -51 0
-252 -60 0
-47 -6 0
-88 -6 0
-129 -6 0
-170 -6 0
-211 -6 0
-252 -6 0
-46 -44 0
-86 -82 0
-126 -120 0
-166 -158 0
-206 -196 0
-246 -234 0
-46 -43 0
-86 -80 0
-126 -117 0
-166 -154 0
-206 -191 0
-246 -228 0
-46 -38 0
-86 -70 0
-126 -102 0
-166 -134 0
-206 -166 0
-246 -198 0
-46 -37 0
-86 -68 0
-126 -99 0
-166 -130 0
-206 -161 0
-246 -192 0
-46 -36 0
-86 -66 0
-126 -96 0
-166 -126 0
-206 -156 0
-246 -186 0
-46 -32 0
-86 -58 0
-126 -84 0
-166 -110 0
-206 -136 0
-246 -162 0
-46 -30 0
-86 -54 0
-126 -78 0
-166 -102 0
-206 -126 0
-246 -150 0
-46 -29 0
-86 -52 0
-126 -75 0
-166 -98 0
-206 -121 0
-246 -144 0
-46 -23 0
-86 -40 0
-126 -57 0
-166 -74 0
-206 -91 0
-246 -108 0
-46 -22 0
-86 -38 0
-126 -54 0
-166 -70 0
-206 -86 0
-246 -102 0
-46 -19 0
-86 -32 0
-126 -45 0
-166 -58 0
-206 -71 0
-246 -84 0
-46 -18 0
-86 -30 0
-126 -42 0
-166 -54 0
-206 -66 0
-246 -78 0
-46 -17 0
-86 -28 0
-126 -39 0
-166 -50 0
-206 -61 0
-246 -72 0
-46 -14 0
-86 -22 0
-126 -30 0
-166 -38 0
-206 -46 0
-246 -54 0
-46 -11 0
-86 -16 0
-126 -21 0
-166 -26 0
-206 -31 0
-246 -36 0
-46 -8 0
-86 -10 0
-126 -12 0
-166 -14 0
-206 -16 0
-246 -18 0
-45 -42 0
-84 -78 0
-123 -114 0
-162 -150 0
-201 -186 0
-240 -222 0
-45 -40 0
-84 -74 0
-123 -108 0
-162 -142 0
-201 -176 0
-240 -210 0
-45 -39 0
-84 -72 0
-123 -105 0
-162 -138 0
-201 -171 0
-240 -204 0
-45 -35 0
-84 -64 0
-123 -93 0
-162 -122 0
-201 -151 0
-240 -180 0
-45 -33 0
-84 -60 0
-123 -87 0
-162 -114 0
-201 -141 0
-240 -168 0
-45 -31 0
-84 -56 0
-123 -81 0
-162 -106 0
-201 -131 0
-240 -156 0
-45 -28 0
-84 -50 0
-123 -72 0
-162 -94 0
-201 -116 0
-240 -138 0
-45 -25 0
-84 -44 0
-123 -63 0
-162 -82 0
-201 -101 0
-240 -120 0
-45 -24 0
-84 -42 0
-123 -60 0
-162 -78 0
-201 -96 0
-240 -114 0
-45 -20 0
-84 -34 0
-123 -48 0
-162 -62 0
-201 -76 0
-240 -90 0
-45 -18 0
-84 -30 0
-123 -42 0
-162 -54 0
-201 -66 0
-240 -78 0
-45 -15 0
-84 -24 0
-123 -33 0
-162 -42 0
-201 -51 0
-240 -60 0
-45 -13 0
-84 -20 0
-123 -27 0
-162 -34 0
-201 -41 0
-240 -48 0
-45 -12 0
-84 -18 0
-123 -24 0
-162 -30 0
-201 -36 0
-240 -42 0
-45 -10 0
-84 -14 0
-123 -18 0
-162 -22 0
-201 -26 0
-240 -30 0
-45 -9 0
-84 -12 0
-123 -15 0
-162 -18 0
-201 -21 0
-240 -24 0
-45 -6 0
-84 -6 0
-123 -6 0
-162 -6 0
-201 -6 0
-240 -6 0
-44 -43 0
-82 -80 0
-120 -117 0
-158 -154 0
-196 -191 0
-234 -228 0
-44 -42 0
-82 -78 0
-120 -114 0
-158 -150 0
-196 -186 0
-234 -222 0
-44 -38 0
-82 -70 0
-120 -102 0
-158 -134 0
-196 -166 0
-234 -198 0
-44 -37 0
-82 -68 0
-120 -99 0
-158 -130 0
-196 -161 0
-234 -192 0
-44 -31 0
-82 -56 0
-120 -81 0
-158 -106 0
-196 -131 0
-234 -156 0
-44 -29 0
-82 -52 0
-120 -75 0
-158 -98 0
-196 -121 0
-234 -144 0
-44 -27 0
-82 -48 0
-120 -69 0
-158 -90 0
-196 -111 0
-234 -132 0
-44 -26 0
-82 -46 0
-120 -66 0
-158 -86 0
-196 -106 0
-234 -126 0
-44 -23 0
-82 -40 0
-120 -57 0
-158 -74 0
-196 -91 0
-234 -108 0
-44 -22 0
-82 -38 0
-120 -54 0
-158 -70 0
-196 -86 0
-234 -102 0
-44 -21 0
-82 -36 0
-120 -51 0
-158 -66 0
-196 -81 0
-234 -96 0
-44 -19 0
-82 -32 0
-120 -45 0
-158 -58 0
-196 -71 0
-234 -84 0
-44 -17 0
-82 -28 0
-120 -39 0
-158 -50 0
-196 -61 0
-234 -72 0
-44 -14 0
-82 -22 0
-120 -30 0
-158 -38 0
-196 -46 0
-234 -54 0
-44 -11 0
-82 -16 0
-120 -21 0
-158 -26 0
-196 -31 0
-234 -36 0
-44 -10 0
-82 -14 0
-120 -18 0
-158 -22 0
-196 -26 0
-234 -30 0
-44 -8 0
-82 -10 0
-120 -12 0
-158 -14 0
-196 -16 0
-234 -18 0
-43 -39 0
-80 -72 0
-117 -105 0
-154 -138 0
-191 -171 0
-228 -204 0
-43 -38 0
-80 -70 0
-117 -102 0
-154 -134 0
-191 -166 0
-228 -198 0
-43 -37 0
-80 -68 0
-117 -99 0
-154 -130 0
-191 -161 0
-228 -192 0
-43 -36 0
-80 -66 0
-117 -96 0
-154 -126 0
-191 -156 0
-228 -186 0
-43 -35 0
-80 -64 0
-117 -93 0
-154 -122 0
-191 -151 0
-228 -180 0
-43 -32 0
-80 -58 0
-117 -84 0
-154 -110 0
-191 -136 0
-228 -162 0
-43 -31 0
-80 -56 0
-117 -81 0
-154 -106 0
-191 -131 0
-228 -156 0
-43 -30 0
-80 -54 0
-117 -78 0
-154 -102 0
-191 -126 0
-228 -150 0
-43 -25 0
-80 -44 0
-117 -63 0
-154 -82 0
-191 -101 0
-228 -120 0
-43 -23 0
-80 -40 0
-117 -57 0
-154 -74 0
-191 -91 0
-228 -108 0
-43 -22 0
-80 -38 0
-117 -54 0
-154 -70 0
-191 -86 0
-228 -102 0
-43 -21 0
-80 -36 0
-117 -51 0
-154 -66 0
-191 -81 0
-228 -96 0
-43 -18 0
-80 -30 0
-117 -42 0
-154 -54 0
-191 -66 0
-228 -78 0
-43 -17 0
-80 -28 0
-117 -39 0
-154 -50 0
-191 -61 0
-228 -72 0
-43 -14 0
-80 -22 0
-117 -30 0
-154 -38 0
-191 -46 0
-228 -54 0
-43 -11 0
-80 -16 0
-117 -21 0
-154 -26 0
-191 -31 0
-228 -36 0
-43 -10 0
-80 -14 0
-117 -18 0
-154 -22 0
-191 -26 0
-228 -30 0
-43 -9 0
-80 -12 0
-117 -15 0
-154 -18 0
-191 -21 0
-228 -24 0
-43 -8 0
-80 -10 0
-117 -12 0
-154 -14 0
-191 -16 0
-228 -18 0
-42 -40 0
-78 -74 0
-114 -108 0
-150 -142 0
-186 -176 0
-222 -210 0
-42 -39 0
-78 -72 0
-114 -105 0
-150 -138 0
-186 -171 0
-222 -204 0
-42 -36 0
-78 -66 0
-114 -96 0
-150 -126 0
-186 -156 0
-222 -186 0
-42 -35 0
-78 -64 0
-114 -93 0
-150 -122 0
-186 -151 0
-222 -180 0
-42 -34 0
-78 -62 0
-114 -90 0
-150 -118 0
-186 -146 0
-222 -174 0
-42 -32 0
-78 -58 0
-114 -84 0
-150 -110 0
-186 -136 0
-222 -162 0
-42 -25 0
-78 -44 0
-114 -63 0
-150 -82 0
-186 -101 0
-222 -120 0
-42 -19 0
-78 -32 0
-114 -45 0
-150 -58 0
-186 -71 0
-222 -84 0
-42 -13 0
-78 -20 0
-114 -27 0
-150 -34 0
-186 -41 0
-222 -48 0
-42 -12 0
-78 -18 0
-114 -24 0
-150 -30 0
-186 -36 0
-222 -42 0
-42 -11 0
-78 -16 0
-114 -21 0
-150 -26 0
-186 -31 0
-222 -36 0
-42 -8 0
-78 -10 0
-114 -12 0
-150 -14 0
-186 -16 0
-222 -18 0
-41 -39 0
-76 -72 0
-111 -105 0
-146 -138 0
-181 -171 0
-216 -204 0
-41 -37 0
-76 -68 0
-111 -99 0
-146 -130 0
-181 -161 0
-216 -192 0
-41 -36 0
-76 -66 0
-111 -96 0
-146 -126 0
-181 -156 0
-216 -186 0
-41 -32 0
-76 -58 0
-111 -84 0
-146 -110 0
-181 -136 0
-216 -162 0
-41 -31 0
-76 -56 0
-111 -81 0
-146 -106 0
-181 -131 0
-216 -156 0
-41 -29 0
-76 -52 0
-111 -75 0
-146 -98 0
-181 -121 0
-216 -144 0
-41 -28 0
-76 -50 0
-111 -72 0
-146 -94 0
-181 -116 0
-216 -138 0
-41 -26 0
-76 -46 0
-111 -66 0
-146 -86 0
-181 -106 0
-216 -126 0
-41 -25 0
-76 -44 0
-111 -63 0
-146 -82 0
-181 -101 0
-216 -120 0
-41 -24 0
-76 -42 0
-111 -60 0
-146 -78 0
-181 -96 0
-216 -114 0
-41 -23 0
-76 -40 0
-111 -57 0
-146 -74 0
-181 -91 0
-216 -108 0
-41 -22 0
-76 -38 0
-111 -54 0
-146 -70 0
-181 -86 0
-216 -102 0
-41 -21 0
-76 -36 0
-111 -51 0
-146 -66 0
-181 -81 0
-216 -96 0
-41 -19 0
-76 -32 0
-111 -45 0
-146 -58 0
-181 -71 0
-216 -84 0
-41 -17 0
-76 -28 0
-111 -39 0
-146 -50 0
-181 -61 0
-216 -72 0
-41 -16 0
-76 -26 0
-111 -36 0
-146 -46 0
-181 -56 0
-216 -66 0
-41 -15 0
-76 -24 0
-111 -33 0
-146 -42 0
-181 -51 0
-216 -60 0
-41 -14 0
-76 -22 0
-111 -30 0
-146 -38 0
-181 -46 0
-216 -54 0
-41 -13 0
-76 -20 0
-111 -27 0
-146 -34 0
-181 -41 0
-216 -48 0
-41 -12 0
-76 -18 0
-111 -24 0
-146 -30 0
-181 -36 0
-216 -42 0
-41 -6 0
-76 -6 0
-111 -6 0
-146 -6 0
-181 -6 0
-216 -6 0
-40 -36 0
-74 -66 0
-108 -96 0
-142 -126 0
-176 -156 0
-210 -186 0
-40 -35 0
-74 -64 0
-108 -93 0
-142 -122 0
-176 -151 0
-210 -180 0
-40 -34 0
-74 -62 0
-108 -90 0
-142 -118 0
-176 -146 0
-210 -174 0
-40 -33 0
-74 -60 0
-108 -87 0
-142 -114 0
-176 -141 0
-210 -168 0
-40 -30 0
-74 -54 0
-108 -78 0
-142 -102 0
-176 -126 0
-210 -150 0
-40 -28 0
-74 -50 0
-108 -72 0
-142 -94 0
-176 -116 0
-210 -138 0
-40 -26 0
-74 -46 0
-108 -66 0
-142 -86 0
-176 -106 0
-210 -126 0
-40 -18 0
-74 -30 0
-108 -42 0
-142 -54 0
-176 -66 0
-210 -78 0
-40 -16 0
-74 -26 0
-108 -36 0
-142 -46 0
-176 -56 0
-210 -66 0
-40 -15 0
-74 -24 0
-108 -33 0
-142 -42 0
-176 -51 0
-210 -60 0
-40 -12 0
-74 -18 0
-108 -24 0
-142 -30 0
-176 -36 0
-210 -42 0
-40 -11 0
-74 -16 0
-108 -21 0
-142 -26 0
-176 -31 0
-210 -36 0
-40 -8 0
-74 -10 0
-108 -12 0
-142 -14 0
-176 -16 0
-210 -18 0
-40 -7 0
-74 -8 0
-108 -9 0
-142 -10 0
-176 -11 0
-210 -12 0
-39 -36 0
-72 -66 0
-105 -96 0
-138 -126 0
-171 -156 0
-204 -186 0
-39 -35 0
-72 -64 0
-105 -93 0
-138 -122 0
-171 -151 0
-204 -180 0
-39 -34 0
-72 -62 0
-105 -90 0
-138 -118 0
-171 -146 0
-204 -174 0
-39 -32 0
-72 -58 0
-105 -84 0
-138 -110 0
-171 -136 0
-204 -162 0
-39 -30 0
-72 -54 0
-105 -78 0
-138 -102 0
-171 -126 0
-204 -150 0
-39 -23 0
-72 -40 0
-105 -57 0
-138 -74 0
-171 -91 0
-204 -108 0
-39 -22 0
-72 -38 0
-105 -54 0
-138 -70 0
-171 -86 0
-204 -102 0
-39 -18 0
-72 -30 0
-105 -42 0
-138 -54 0
-171 -66 0
-204 -78 0
-39 -16 0
-72 -26 0
-105 -36 0
-138 -46 0
-171 -56 0
-204 -66 0
-39 -15 0
-72 -24 0
-105 -33 0
-138 -42 0
-171 -51 0
-204 -60 0
-39 -14 0
-72 -22 0
-105 -30 0
-138 -38 0
-171 -46 0
-204 -54 0
-39 -12 0
-72 -18 0
-105 -24 0
-138 -30 0
-171 -36 0
-204 -42 0
-38 -37 0
-70 -68 0
-102 -99 0
-134 -130 0
-166 -161 0
-198 -192 0
-38 -33 0
-70 -60 0
-102 -87 0
-134 -114 0
-166 -141 0
-198 -168 0
-38 -32 0
-70 -58 0
-102 -84 0
-134 -110 0
-166 -136 0
-198 -162 0
-38 -31 0
-70 -56 0
-102 -81 0
-134 -106 0
-166 -131 0
-198 -156 0
-38 -29 0
-70 -52 0
-102 -75 0
-134 -98 0
-166 -121 0
-198 -144 0
-38 -27 0
-70 -48 0
-102 -69 0
-134 -90 0
-166 -111 0
-198 -132 0
-38 -26 0
-70 -46 0
-102 -66 0
-134 -86 0
-166 -106 0
-198 -126 0
-38 -22 0
-70 -38 0
-102 -54 0
-134 -70 0
-166 -86 0
-198 -102 0
-38 -21 0
-70 -36 0
-102 -51 0
-134 -66 0
-166 -81 0
-198 -96 0
-38 -20 0
-70 -34 0
-102 -48 0
-134 -62 0
-166 -76 0
-198 -90 0
-38 -19 0
-70 -32 0
-102 -45 0
-134 -58 0
-166 -71 0
-198 -84 0
-38 -17 0
-70 -28 0
-102 -39 0
-134 -50 0
-166 -61 0
-198 -72 0
-38 -14 0
-70 -22 0
-102 -30 0
-134 -38 0
-166 -46 0
-198 -54 0
-38 -11 0
-70 -16 0
-102 -21 0
-134 -26 0
-166 -31 0
-198 -36 0
-37 -33 0
-68 -60 0
-99 -87 0
-130 -114 0
-161 -141 0
-192 -168 0
-37 -32 0
-68 -58 0
-99 -84 0
-130 -110 0
-161 -136 0
-192 -162 0
-37 -31 0
-68 -56 0
-99 -81 0
-130 -106 0
-161 -131 0
-192 -156 0
-37 -30 0
-68 -54 0
-99 -78 0
-130 -102 0
-161 -126 0
-192 -150 0
-37 -27 0
-68 -48 0
-99 -69 0
-130 -90 0
-161 -111 0
-192 -132 0
-37 -25 0
-68 -44 0
-99 -63 0
-130 -82 0
-161 -101 0
-192 -120 0
-37 -24 0
-68 -42 0
-99 -60 0
-130 -78 0
-161 -96 0
-192 -114 0
-37 -23 0
-68 -40 0
-99 -57 0
-130 -74 0
-161 -91 0
-192 -108 0
-37 -22 0
-68 -38 0
-99 -54 0
-130 -70 0
-161 -86 0
-192 -102 0
-37 -21 0
-68 -36 0
-99 -51 0
-130 -66 0
-161 -81 0
-192 -96 0
-37 -20 0
-68 -34 0
-99 -48 0
-130 -62 0
-161 -76 0
-192 -90 0
-37 -18 0
-68 -30 0
-99 -42 0
-130 -54 0
-161 -66 0
-192 -78 0
-37 -16 0
-68 -26 0
-99 -36 0
-130 -46 0
-161 -56 0
-192 -66 0
-37 -15 0
-68 -24 0
-99 -33 0
-130 -42 0
-161 -51 0
-192 -60 0
-37 -9 0
-68 -12 0
-99 -15 0
-130 -18 0
-161 -21 0
-192 -24 0
-37 -6 0
-68 -6 0
-99 -6 0
-130 -6 0
-161 -6 0
-192 -6 0
-36 -35 0
-66 -64 0
-96 -93 0
-126 -122 0
-156 -151 0
-186 -180 0
-36 -25 0
-66 -44 0
-96 -63 0
-126 -82 0
-156 -101 0
-186 -120 0
-36 -24 0
-66 -42 0
-96 -60 0
-126 -78 0
-156 -96 0
-186 -114 0
-36 -23 0
-66 -40 0
-96 -57 0
-126 -74 0
-156 -91 0
-186 -108 0
-36 -18 0
-66 -30 0
-96 -42 0
-126 -54 0
-156 -66 0
-186 -78 0
-36 -15 0
-66 -24 0
-96 -33 0
-126 -42 0
-156 -51 0
-186 -60 0
-36 -14 0
-66 -22 0
-96 -30 0
-126 -38 0
-156 -46 0
-186 -54 0
-36 -13 0
-66 -20 0
-96 -27 0
-126 -34 0
-156 -41 0
-186 -48 0
-36 -12 0
-66 -18 0
-96 -24 0
-126 -30 0
-156 -36 0
-186 -42 0
-36 -10 0
-66 -14 0
-96 -18 0
-126 -22 0
-156 -26 0
-186 -30 0
-36 -9 0
-66 -12 0
-96 -15 0
-126 -18 0
-156 -21 0
-186 -24 0
-35 -34 0
-64 -62 0
-93 -90 0
-122 -118 0
-151 -146 0
-180 -174 0
-35 -32 0
-64 -58 0
-93 -84 0
-122 -110 0
-151 -136 0
-180 -162 0
-35 -30 0
-64 -54 0
-93 -78 0
-122 -102 0
-151 -126 0
-180 -150 0
-35 -25 0
-64 -44 0
-93 -63 0
-122 -82 0
-151 -101 0
-180 -120 0
-35 -24 0
-64 -42 0
-93 -60 0
-122 -78 0
-151 -96 0
-180 -114 0
-35 -22 0
-64 -38 0
-93 -54 0
-122 -70 0
-151 -86 0
-180 -102 0
-35 -18 0
-64 -30 0
-93 -42 0
-122 -54 0
-151 -66 0
-180 -78 0
-35 -16 0
-64 -26 0
-93 -36 0
-122 -46 0
-151 -56 0
-180 -66 0
-35 -15 0
-64 -24 0
-93 -33 0
-122 -42 0
-151 -51 0
-180 -60 0
-35 -14 0
-64 -22 0
-93 -30 0
-122 -38 0
-151 -46 0
-180 -54 0
-35 -13 0
-64 -20 0
-93 -27 0
-122 -34 0
-151 -41 0
-180 -48 0
-35 -12 0
-64 -18 0
-93 -24 0
-122 -30 0
-151 -36 0
-180 -42 0
-35 -10 0
-64 -14 0
-93 -18 0
-122 -22 0
-151 -26 0
-180 -30 0
-35 -7 0
-64 -8 0
-93 -9 0
-122 -10 0
-151 -11 0
-180 -12 0
-34 -28 0
-62 -50 0
-90 -72 0
-118 -94 0
-146 -116 0
-174 -138 0
-34 -26 0
-62 -46 0
-90 -66 0
-118 -86 0
-146 -106 0
-174 -126 0
-34 -25 0
-62 -44 0
-90 -63 0
-118 -82 0
-146 -101 0
-174 -120 0
-34 -24 0
-62 -42 0
-90 -60 0
-118 -78 0
-146 -96 0
-174 -114 0
-34 -18 0
-62 -30 0
-90 -42 0
-118 -54 0
-146 -66 0
-174 -78 0
-34 -15 0
-62 -24 0
-90 -33 0
-118 -42 0
-146 -51 0
-174 -60 0
-34 -13 0
-62 -20 0
-90 -27 0
-118 -34 0
-146 -41 0
-174 -48 0
-34 -12 0
-62 -18 0
-90 -24 0
-118 -30 0
-146 -36 0
-174 -42 0
-34 -7 0
-62 -8 0
-90 -9 0
-118 -10 0
-146 -11 0
-174 -12 0
-34 -6 0
-62 -6 0
-90 -6 0
-118 -6 0
-146 -6 0
-174 -6 0
-33 -31 0
-60 -56 0
-87 -81 0
-114 -106 0
-141 -131 0
-168 -156 0
-33 -30 0
-60 -54 0
-87 -78 0
-114 -102 0
-141 -126 0
-168 -150 0
-33 -28 0
-60 -50 0
-87 -72 0
-114 -94 0
-141 -116 0
-168 -138 0
-33 -26 0
-60 -46 0
-87 -66 0
-114 -86 0
-141 -106 0
-168 -126 0
-33 -24 0
-60 -42 0
-87 -60 0
-114 -78 0
-141 -96 0
-168 -114 0
-33 -23 0
-60 -40 0
-87 -57 0
-114 -74 0
-141 -91 0
-168 -108 0
-33 -21 0
-60 -36 0
-87 -51 0
-114 -66 0
-141 -81 0
-168 -96 0
-33 -18 0
-60 -30 0
-87 -42 0
-114 -54 0
-141 -66 0
-168 -78 0
-33 -17 0
-60 -28 0
-87 -39 0
-114 -50 0
-141 -61 0
-168 -72 0
-33 -16 0
-60 -26 0
-87 -36 0
-114 -46 0
-141 -56 0
-168 -66 0
-33 -15 0
-60 -24 0
-87 -33 0
-114 -42 0
-141 -51 0
-168 -60 0
-33 -11 0
-60 -16 0
-87 -21 0
-114 -26 0
-141 -31 0
-168 -36 0
-33 -10 0
-60 -14 0
-87 -18 0
-114 -22 0
-141 -26 0
-168 -30 0
-33 -9 0
-60 -12 0
-87 -15 0
-114 -18 0
-141 -21 0
-168 -24 0
-33 -7 0
-60 -8 0
-87 -9 0
-114 -10 0
-141 -11 0
-168 -12 0
-33 -6 0
-60 -6 0
-87 -6 0
-114 -6 0
-141 -6 0
-168 -6 0
-32 -31 0
-58 -56 0
-84 -81 0
-110 -106 0
-136 -131 0
-162 -156 0
-32 -29 0
-58 -52 0
-84 -75 0
-110 -98 0
-136 -121 0
-162 -144 0
-32 -26 0
-58 -46 0
-84 -66 0
-110 -86 0
-136 -106 0
-162 -126 0
-32 -25 0
-58 -44 0
-84 -63 0
-110 -82 0
-136 -101 0
-162 -120 0
-32 -24 0
-58 -42 0
-84 -60 0
-110 -78 0
-136 -96 0
-162 -114 0
-32 -23 0
-58 -40 0
-84 -57 0
-110 -74 0
-136 -91 0
-162 -108 0
-32 -21 0
-58 -36 0
-84 -51 0
-110 -66 0
-136 -81 0
-162 -96 0
-32 -19 0
-58 -32 0
-84 -45 0
-110 -58 0
-136 -71 0
-162 -84 0
-32 -17 0
-58 -28 0
-84 -39 0
-110 -50 0
-136 -61 0
-162 -72 0
-32 -14 0
-58 -22 0
-84 -30 0
-110 -38 0
-136 -46 0
-162 -54 0
-32 -13 0
-58 -20 0
-84 -27 0
-110 -34 0
-136 -41 0
-162 -48 0
-32 -12 0
-58 -18 0
-84 -24 0
-110 -30 0
-136 -36 0
-162 -42 0
-32 -6 0
-58 -6 0
-84 -6 0
-110 -6 0
-136 -6 0
-162 -6 0
-31 -30 0
-56 -54 0
-81 -78 0
-106 -102 0
-131 -126 0
-156 -150 0
-31 -29 0
-56 -52 0
-81 -75 0
-106 -98 0
-131 -121 0
-156 -144 0
-31 -28 0
-56 -50 0
-81 -72 0
-106 -94 0
-131 -116 0
-156 -138 0
-31 -27 0
-56 -48 0
-81 -69 0
-106 -90 0
-131 -111 0
-156 -132 0
-31 -24 0
-56 -42 0
-81 -60 0
-106 -78 0
-131 -96 0
-156 -114 0
-31 -23 0
-56 -40 0
-81 -57 0
-106 -74 0
-131 -91 0
-156 -108 0
-31 -22 0
-56 -38 0
-81 -54 0
-106 -70 0
-131 -86 0
-156 -102 0
-31 -20 0
-56 -34 0
-81 -48 0
-106 -62 0
-131 -76 0
-156 -90 0
-31 -18 0
-56 -30 0
-81 -42 0
-106 -54 0
-131 -66 0
-156 -78 0
-31 -17 0
-56 -28 0
-81 -39 0
-106 -50 0
-131 -61 0
-156 -72 0
-31 -16 0
-56 -26 0
-81 -36 0
-106 -46 0
-131 -56 0
-156 -66 0
-31 -15 0
-56 -24 0
-81 -33 0
-106 -42 0
-131 -51 0
-156 -60 0
-31 -14 0
-56 -22 0
-81 -30 0
-106 -38 0
-131 -46 0
-156 -54 0
-31 -7 0
-56 -8 0
-81 -9 0
-106 -10 0
-131 -11 0
-156 -12 0
-31 -6 0
-56 -6 0
-81 -6 0
-106 -6 0
-131 -6 0
-156 -6 0
-30 -27 0
-54 -48 0
-78 -69 0
-102 -90 0
-126 -111 0
-150 -132 0
-30 -25 0
-54 -44 0
-78 -63 0
-102 -82 0
-126 -101 0
-150 -120 0
-30 -24 0
-54 -42 0
-78 -60 0
-102 -78 0
-126 -96 0
-150 -114 0
-30 -20 0
-54 -34 0
-78 -48 0
-102 -62 0
-126 -76 0
-150 -90 0
-30 -18 0
-54 -30 0
-78 -42 0
-102 -54 0
-126 -66 0
-150 -78 0
-30 -15 0
-54 -24 0
-78 -33 0
-102 -42 0
-126 -51 0
-150 -60 0
-30 -14 0
-54 -22 0
-78 -30 0
-102 -38 0
-126 -46 0
-150 -54 0
-30 -13 0
-54 -20 0
-78 -27 0
-102 -34 0
-126 -41 0
-150 -48 0
-30 -12 0
-54 -18 0
-78 -24 0
-102 -30 0
-126 -36 0
-150 -42 0
-30 -10 0
-54 -14 0
-78 -18 0
-102 -22 0
-126 -26 0
-150 -30 0
-30 -9 0
-54 -12 0
-78 -15 0
-102 -18 0
-126 -21 0
-150 -24 0
-30 -6 0
-54 -6 0
-78 -6 0
-102 -6 0
-126 -6 0
-150 -6 0
-29 -28 0
-52 -50 0
-75 -72 0
-98 -94 0
-121 -116 0
-144 -138 0
-29 -27 0
-52 -48 0
-75 -69 0
-98 -90 0
-121 -111 0
-144 -132 0
-29 -26 0
-52 -46 0
-75 -66 0
-98 -86 0
-121 -106 0
-144 -126 0
-29 -25 0
-52 -44 0
-75 -63 0
-98 -82 0
-121 -101 0
-144 -120 0
-29 -21 0
-52 -36 0
-75 -51 0
-98 -66 0
-121 -81 0
-144 -96 0
-29 -19 0
-52 -32 0
-75 -45 0
-98 -58 0
-121 -71 0
-144 -84 0
-29 -13 0
-52 -20 0
-75 -27 0
-98 -34 0
-121 -41 0
-144 -48 0
-29 -12 0
-52 -18 0
-75 -24 0
-98 -30 0
-121 -36 0
-144 -42 0
-29 -8 0
-52 -10 0
-75 -12 0
-98 -14 0
-121 -16 0
-144 -18 0
-28 -27 0
-50 -48 0
-72 -69 0
-94 -90 0
-116 -111 0
-138 -132 0
-28 -26 0
-50 -46 0
-72 -66 0
-94 -86 0
-116 -106 0
-138 -126 0
-28 -20 0
-50 -34 0
-72 -48 0
-94 -62 0
-116 -76 0
-138 -90 0
-28 -19 0
-50 -32 0
-72 -45 0
-94 -58 0
-116 -71 0
-138 -84 0
-28 -17 0
-50 -28 0
-72 -39 0
-94 -50 0
-116 -61 0
-138 -72 0
-28 -16 0
-50 -26 0
-72 -36 0
-94 -46 0
-116 -56 0
-138 -66 0
-28 -15 0
-50 -24 0
-72 -33 0
-94 -42 0
-116 -51 0
-138 -60 0
-28 -7 0
-50 -8 0
-72 -9 0
-94 -10 0
-116 -11 0
-138 -12 0
-28 -6 0
-50 -6 0
-72 -6 0
-94 -6 0
-116 -6 0
-138 -6 0
-27 -26 0
-48 -46 0
-69 -66 0
-90 -86 0
-111 -106 0
-132 -126 0
-27 -24 0
-48 -42 0
-69 -60 0
-90 -78 0
-111 -96 0
-132 -114 0
-27 -23 0
-48 -40 0
-69 -57 0
-90 -74 0
-111 -91 0
-132 -108 0
-27 -22 0
-48 -38 0
-69 -54 0
-90 -70 0
-111 -86 0
-132 -102 0
-27 -21 0
-48 -36 0
-69 -51 0
-90 -66 0
-111 -81 0
-132 -96 0
-27 -18 0
-48 -30 0
-69 -42 0
-90 -54 0
-111 -66 0
-132 -78 0
-27 -17 0
-48 -28 0
-69 -39 0
-90 -50 0
-111 -61 0
-132 -72 0
-27 -16 0
-48 -26 0
-69 -36 0
-90 -46 0
-111 -56 0
-132 -66 0
-27 -14 0
-48 -22 0
-69 -30 0
-90 -38 0
-111 -46 0
-132 -54 0
-27 -10 0
-48 -14 0
-69 -18 0
-90 -22 0
-111 -26 0
-132 -30 0
-27 -9 0
-48 -12 0
-69 -15 0
-90 -18 0
-111 -21 0
-132 -24 0
-27 -7 0
-48 -8 0
-69 -9 0
-90 -10 0
-111 -11 0
-132 -12 0
-27 -6 0
-48 -6 0
-69 -6 0
-90 -6 0
-111 -6 0
-132 -6 0
-26 -17 0
-46 -28 0
-66 -39 0
-86 -50 0
-106 -61 0
-126 -72 0
-26 -15 0
-46 -24 0
-66 -33 0
-86 -42 0
-106 -51 0
-126 -60 0
-26 -7 0
-46 -8 0
-66 -9 0
-86 -10 0
-106 -11 0
-126 -12 0
-26 -6 0
-46 -6 0
-66 -6 0
-86 -6 0
-106 -6 0
-126 -6 0
-25 -23 0
-44 -40 0
-63 -57 0
-82 -74 0
-101 -91 0
-120 -108 0
-25 -22 0
-44 -38 0
-63 -54 0
-82 -70 0
-101 -86 0
-120 -102 0
-25 -19 0
-44 -32 0
-63 -45 0
-82 -58 0
-101 -71 0
-120 -84 0
-25 -18 0
-44 -30 0
-63 -42 0
-82 -54 0
-101 -66 0
-120 -78 0
-25 -14 0
-44 -22 0
-63 -30 0
-82 -38 0
-101 -46 0
-120 -54 0
-25 -12 0
-44 -18 0
-63 -24 0
-82 -30 0
-101 -36 0
-120 -42 0
-25 -6 0
-44 -6 0
-63 -6 0
-82 -6 0
-101 -6 0
-120 -6 0
-24 -23 0
-42 -40 0
-60 -57 0
-78 -74 0
-96 -91 0
-114 -108 0
-24 -21 0
-42 -36 0
-60 -51 0
-78 -66 0
-96 -81 0
-114 -96 0
-24 -20 0
-42 -34 0
-60 -48 0
-78 -62 0
-96 -76 0
-114 -90 0
-24 -18 0
-42 -30 0
-60 -42 0
-78 -54 0
-96 -66 0
-114 -78 0
-24 -17 0
-42 -28 0
-60 -39 0
-78 -50 0
-96 -61 0
-114 -72 0
-24 -16 0
-42 -26 0
-60 -36 0
-78 -46 0
-96 -56 0
-114 -66 0
-24 -10 0
-42 -14 0
-60 -18 0
-78 -22 0
-96 -26 0
-114 -30 0
-24 -9 0
-42 -12 0
-60 -15 0
-78 -18 0
-96 -21 0
-114 -24 0
-23 -22 0
-40 -38 0
-57 -54 0
-74 -70 0
-91 -86 0
-108 -102 0
-23 -21 0
-40 -36 0
-57 -51 0
-74 -66 0
-91 -81 0
-108 -96 0
-23 -20 0
-40 -34 0
-57 -48 0
-74 -62 0
-91 -76 0
-108 -90 0
-23 -17 0
-40 -28 0
-57 -39 0
-74 -50 0
-91 -61 0
-108 -72 0
-23 -16 0
-40 -26 0
-57 -36 0
-74 -46 0
-91 -56 0
-108 -66 0
-23 -15 0
-40 -24 0
-57 -33 0
-74 -42 0
-91 -51 0
-108 -60 0
-23 -14 0
-40 -22 0
-57 -30 0
-74 -38 0
-91 -46 0
-108 -54 0
-23 -12 0
-40 -18 0
-57 -24 0
-74 -30 0
-91 -36 0
-108 -42 0
-23 -6 0
-40 -6 0
-57 -6 0
-74 -6 0
-91 -6 0
-108 -6 0
-22 -21 0
-38 -36 0
-54 -51 0
-70 -66 0
-86 -81 0
-102 -96 0
-22 -17 0
-38 -28 0
-54 -39 0
-70 -50 0
-86 -61 0
-102 -72 0
-22 -14 0
-38 -22 0
-54 -30 0
-70 -38 0
-86 -46 0
-102 -54 0
-22 -13 0
-38 -20 0
-54 -27 0
-70 -34 0
-86 -41 0
-102 -48 0
-22 -12 0
-38 -18 0
-54 -24 0
-70 -30 0
-86 -36 0
-102 -42 0
-22 -11 0
-38 -16 0
-54 -21 0
-70 -26 0
-86 -31 0
-102 -36 0
-22 -10 0
-38 -14 0
-54 -18 0
-70 -22 0
-86 -26 0
-102 -30 0
-22 -6 0
-38 -6 0
-54 -6 0
-70 -6 0
-86 -6 0
-102 -6 0
-21 -20 0
-36 -34 0
-51 -48 0
-66 -62 0
-81 -76 0
-96 -90 0
-21 -19 0
-36 -32 0
-51 -45 0
-66 -58 0
-81 -71 0
-96 -84 0
-21 -17 0
-36 -28 0
-51 -39 0
-66 -50 0
-81 -61 0
-96 -72 0
-21 -14 0
-36 -22 0
-51 -30 0
-66 -38 0
-81 -46 0
-96 -54 0
-21 -8 0
-36 -10 0
-51 -12 0
-66 -14 0
-81 -16 0
-96 -18 0
-21 -6 0
-36 -6 0
-51 -6 0
-66 -6 0
-81 -6 0
-96 -6 0
-20 -18 0
-34 -30 0
-48 -42 0
-62 -54 0
-76 -66 0
-90 -78 0
-20 -17 0
-34 -28 0
-48 -39 0
-62 -50 0
-76 -61 0
-90 -72 0
-20 -16 0
-34 -26 0
-48 -36 0
-62 -46 0
-76 -56 0
-90 -66 0
-20 -15 0
-34 -24 0
-48 -33 0
-62 -42 0
-76 -51 0
-90 -60 0
-20 -11 0
-34 -16 0
-48 -21 0
-62 -26 0
-76 -31 0
-90 -36 0
-20 -10 0
-34 -14 0
-48 -18 0
-62 -22 0
-76 -26 0
-90 -30 0
-20 -9 0
-34 -12 0
-48 -15 0
-62 -18 0
-76 -21 0
-90 -24 0
-20 -7 0
-34 -8 0
-48 -9 0
-62 -10 0
-76 -11 0
-90 -12 0
-20 -6 0
-34 -6 0
-48 -6 0
-62 -6 0
-76 -6 0
-90 -6 0
-19 -17 0
-32 -28 0
-45 -39 0
-58 -50 0
-71 -61 0
-84 -72 0
-19 -13 0
-32 -20 0
-45 -27 0
-58 -34 0
-71 -41 0
-84 -48 0
-19 -12 0
-32 -18 0
-45 -24 0
-58 -30 0
-71 -36 0
-84 -42 0
-19 -11 0
-32 -16 0
-45 -21 0
-58 -26 0
-71 -31 0
-84 -36 0
-19 -8 0
-32 -10 0
-45 -12 0
-58 -14 0
-71 -16 0
-84 -18 0
-18 -16 0
-30 -26 0
-42 -36 0
-54 -46 0
-66 -56 0
-78 -66 0
-18 -15 0
-30 -24 0
-42 -33 0
-54 -42 0
-66 -51 0
-78 -60 0
-18 -14 0
-30 -22 0
-42 -30 0
-54 -38 0
-66 -46 0
-78 -54 0
-18 -13 0
-30 -20 0
-42 -27 0
-54 -34 0
-66 -41 0
-78 -48 0
-18 -11 0
-30 -16 0
-42 -21 0
-54 -26 0
-66 -31 0
-78 -36 0
-18 -10 0
-30 -14 0
-42 -18 0
-54 -22 0
-66 -26 0
-78 -30 0
-18 -9 0
-30 -12 0
-42 -15 0
-54 -18 0
-66 -21 0
-78 -24 0
-18 -6 0
-30 -6 0
-42 -6 0
-54 -6 0
-66 -6 0
-78 -6 0
-17 -8 0
-28 -10 0
-39 -12 0
-50 -14 0
-61 -16 0
-72 -18 0
-17 -6 0
-28 -6 0
-39 -6 0
-50 -6 0
-61 -6 0
-72 -6 0
-16 -15 0
-26 -24 0
-36 -33 0
-46 -42 0
-56 -51 0
-66 -60 0
-16 -10 0
-26 -14 0
-36 -18 0
-46 -22 0
-56 -26 0
-66 -30 0
-16 -9 0
-26 -12 0
-36 -15 0
-46 -18 0
-56 -21 0
-66 -24 0
-16 -6 0
-26 -6 0
-36 -6 0
-46 -6 0
-56 -6 0
-66 -6 0
-15 -13 0
-24 -20 0
-33 -27 0
-42 -34 0
-51 -41 0
-60 -48 0
-15 -10 0
-24 -14 0
-33 -18 0
-42 -22 0
-51 -26 0
-60 -30 0
-15 -9 0
-24 -12 0
-33 -15 0
-42 -18 0
-51 -21 0
-60 -24 0
-15 -7 0
-24 -8 0
-33 -9 0
-42 -10 0
-51 -11 0
-60 -12 0
-14 -13 0
-22 -20 0
-30 -27 0
-38 -34 0
-46 -41 0
-54 -48 0
-14 -12 0
-22 -18 0
-30 -24 0
-38 -30 0
-46 -36 0
-54 -42 0
-14 -11 0
-22 -16 0
-30 -21 0
-38 -26 0
-46 -31 0
-54 -36 0
-14 -10 0
-22 -14 0
-30 -18 0
-38 -22 0
-46 -26 0
-54 -30 0
-14 -8 0
-22 -10 0
-30 -12 0
-38 -14 0
-46 -16 0
-54 -18 0
-14 -6 0
-22 -6 0
-30 -6 0
-38 -6 0
-46 -6 0
-54 -6 0
-13 -12 0
-20 -18 0
-27 -24 0
-34 -30 0
-41 -36 0
-48 -42 0
-13 -11 0
-20 -16 0
-27 -21 0
-34 -26 0
-41 -31 0
-48 -36 0
-13 -8 0
-20 -10 0
-27 -12 0
-34 -14 0
-41 -16 0
-48 -18 0
-13 -7 0
-20 -8 0
-27 -9 0
-34 -10 0
-41 -11 0
-48 -12 0
-12 -8 0
-18 -10 0
-24 -12 0
-30 -14 0
-36 -16 0
-42 -18 0
-11 -10 0
-16 -14 0
-21 -18 0
-26 -22 0
-31 -26 0
-36 -30 0
-11 -9 0
-16 -12 0
-21 -15 0
-26 -18 0
-31 -21 0
-36 -24 0
-11 -8 0
-16 -10 0
-21 -12 0
-26 -14 0
-31 -16 0
-36 -18 0
-11 -7 0
-16 -8 0
-21 -9 0
-26 -10 0
-31 -11 0
-36 -12 0
-10 -8 0
-14 -10 0
-18 -12 0
-22 -14 0
-26 -16 0
-30 -18 0
-10 -7 0
-14 -8 0
-18 -9 0
-22 -10 0
-26 -11 0
-30 -12 0
-9 -8 0
-12 -10 0
-15 -12 0
-18 -14 0
-21 -16 0
-24 -18 0
-9 -7 0
-12 -8 0
-15 -9 0
-18 -10 0
-21 -11 0
-24 -12 0
-8 -7 0
-10 -8 0
-12 -9 0
-14 -10 0
-16 -11 0
-18 -12 0
55 104 153 202 251 300 0
-55 -104 0
-55 -153 0
-55 -202 0
-55 -251 0
-55 -300 0
-104 -153 0
-104 -202 0
-104 -251 0
-104 -300 0
-153 -202 0
-153 -251 0
-153 -300 0
-202 -251 0
-202 -300 0
-251 -300 0
54 102 150 198 246 294 0
-54 -102 0
-54 -150 0
-54 -198 0
-54 -246 0
-54 -294 0
-102 -150 0
-102 -198 0
-102 -246 0
-102 -294 0
-150 -198 0
-150 -246 0
-150 -294 0
-198 -246 0
-198 -294 0
-246 -294 0
53 100 147 194 241 288 0
-53 -100 0
-53 -147 0
-53 -194 0
-53 -241 0
-53 -288 0
-100 -147 0
-100 -194 0
-100 -241 0
-100 -288 0
-147 -194 0
-147 -241 0
-147 -288 0
-194 -241 0
-194 -288 0
-241 -288 0
52 98 144 190 236 282 0
-52 -98 0
-52 -144 0
-52 -190 0
-52 -236 0
-52 -282 0
-98 -144 0
-98 -190 0
-98 -236 0
-98 -282 0
-144 -190 0
-144 -236 0
-144 -282 0
-190 -236 0
-190 -282 0
-236 -282 0
51 96 141 186 231 276 0
-51 -96 0
-51 -141 0
-51 -186 0
-51 -231 0
-51 -276 0
-96 -141 0
-96 -186 0
-96 -231 0
-96 -276 0
-141 -186 0
-141 -231 0
-141 -276 0
-186 -231 0
-186 -276 0
-231 -276 0
50 94 138 182 226 270 0
-50 -94 0
-50 -138 0
-50 -182 0
-50 -226 0
-50 -270 0
-94 -138 0
-94 -182 0
-94 -226 0
-94 -270 0
-138 -182 0
-138 -226 0
-138 -270 0
-182 -226 0
-182 -270 0
-226 -270 0
49 92 135 178 221 264 0
-49 -92 0
-49 -135 0
-49 -178 0
-49 -221 0
-49 -264 0
-92 -135 0
-92 -178 0
-92 -221 0
-92 -264 0
-135 -178 0
-135 -221 0
-135 -264 0
-178 -221 0
-178 -264 0
-221 -264 0
48 90 132 174 216 258 0
-48 -90 0
-48 -132 0
-48 -174 0
-48 -216 0
-48 -258 0
-90 -132 0
-90 -174 0
-90 -216 0
-90 -258 0
-132 -174 0
-132 -216 0
-132 -258 0
-174 -216 0
-174 -258 0
-216 -258 0
47 88 129 170 211 252 0
-47 -88 0
-47 -129 0
-47 -170 0
-47 -211 0
-47 -252 0
-88 -129 0
-88 -170 0
-88 -211 0
-88 -252 0
-129 -170 0
-129 -211 0
-129 -252 0
-170 -211 0
-170 -252 0
-211 -252 0
46 86 126 166 206 246 0
-46 -86 0
-46 -126 0
-46 -166 0
-46 -206 0
-46 -246 0
-86 -126 0
-86 -166 0
-86 -206 0
-86 -246 0
-126 -166 0
-126 -206 0
-126 -246 0
-166 -206 0
-166 -246 0
-206 -246 0
45 84 123 162 201 240 0
-45 -84 0
-45 -123 0
-45 -162 0
-45 -201 0
-45 -240 0
-84 -123 0
-84 -162 0
-84 -201 0
-84 -240 0
-123 -162 0
-123 -201 0
-123 -240 0
-162 -201 0
-162 -240 0
-201 -240 0
44 82 120 158 196 234 0
-44 -82 0
-44 -120 0
-44 -158 0
-44 -196 0
-44 -234 0
-82 -120 0
-82 -158 0
-82 -196 0
-82 -234 0
-120 -158 0
-120 -196 0
-120 -234 0
-158 -196 0
-158 -234 0
-196 -234 0
43 80 117 154 191 228 0
-43 -80 0
-43 -117 0
-43 -154 0
-43 -191 0
-43 -228 0
-80 -117 0
-80 -154 0
-80 -191 0
-80 -228 0
-117 -154 0
-117 -191 0
-117 -228 0
-154 -191 0
-154 -228 0
-191 -228 0
42 78 114 150 186 222 0
-42 -78 0
-42 -114 0
-42 -150 0
-42 -186 0
-42 -222 0
-78 -114 0
-78 -150 0
-78 -186 0
-78 -222 0
-114 -150 0
-114 -186 0
-114 -222 0
-150 -186 0
-150 -222 0
-186 -222 0
41 76 111 146 181 216 0
-41 -76 0
-41 -111 0
-41 -146 0
-41 -181 0
-41 -216 0
-76 -111 0
-76 -146 0
-76 -181 0
-76 -216 0
-111 -146 0
-111 -181 0
-111 -216 0
-146 -181 0
-146 -216 0
-181 -216 0
40 74 108 142 176 210 0
-40 -74 0
-40 -108 0
-40 -142 0
-40 -176 0
-40 -210 0
-74 -108 0
-74 -142 0
-74 -176 0
-74 -210 0
-108 -142 0
-108 -176 0
-108 -210 0
-142 -176 0
-142 -210 0
-176 -210 0
39 72 105 138 171 204 0
-39 -72 0
-39 -105 0
-39 -138 0
-39 -171 0
-39 -204 0
-72 -105 0
-72 -138 0
-72 -171 0
-72 -204 0
-105 -138 0
-105 -171 0
-105 -204 0
-138 -171 0
-138 -204 0
-171 -204 0
38 70 102 134 166 198 0
-38 -70 0
-38 -102 0
-38 -134 0
-38 -166 0
-38 -198 0
-70 -102 0
-70 -134 0
-70 -166 0
-70 -198 0
-102 -134 0
-102 -166 0
-102 -198 0
-134 -166 0
-134 -198 0
-166 -198 0
37 68 99 130 161 192 0
-37 -68 0
-37 -99 0
-37 -130 0
-37 -161 0
-37 -192 0
-68 -99 0
-68 -130 0
-68 -161 0
-68 -192 0
-99 -130 0
-99 -161 0
-99 -192 0
-130 -161 0
-130 -192 0
-161 -192 0
36 66 96 126 156 186 0
-36 -66 0
-36 -96 0
-36 -126 0
-36 -156 0
-36 -186 0
-66 -96 0
-66 -126 0
-66 -156 0
-66 -186 0
-96 -126 0
-96 -156 0
-96 -186 0
-126 -156 0
-126 -186 0
-156 -186 0
35 64 93 122 151 180 0
-35 -64 0
-35 -93 0
-35 -122 0
-35 -151 0
-35 -180 0
-64 -93 0
-64 -122 0
-64 -151 0
-64 -180 0
-93 -122 0
-93 -151 0
-93 -180 0
-122 -151 0
-122 -180 0
-151 -180 0
34 62 90 118 146 174 0
-34 -62 0
-34 -90 0
-34 -118 0
-34 -146 0
-34 -174 0
-62 -90 0
-62 -118 0
-62 -146 0
-62 -174 0
-90 -118 0
-90 -146 0
-90 -174 0
-118 -146 0
-118 -174 0
-146 -174 0
33 60 87 114 141 168 0
-33 -60 0
-33 -87 0
-33 -114 0
-33 -141 0
-33 -168 0
-60 -87 0
-60 -114 0
-60 -141 0
-60 -168 0
-87 -114 0
-87 -141 0
-87 -168 0
-114 -141 0
-114 -168 0
-141 -168 0
32 58 84 110 136 162 0
-32 -58 0
-32 -84 0
-32 -110 0
-32 -136 0
-32 -162 0
-58 -84 0
-58 -110 0
-58 -136 0
-58 -162 0
-84 -110 0
-84 -136 0
-84 -162 0
-110 -136 0
-110 -162 0
-136 -162 0
31 56 81 106 131 156 0
-31 -56 0
-31 -81 0
-31 -106 0
-31 -131 0
-31 -156 0
-56 -81 0
-56 -106 0
-56 -131 0
-56 -156 0
-81 -106 0
-81 -131 0
-81 -156 0
-106 -131 0
-106 -156 0
-131 -156 0
30 54 78 102 126 150 0
-30 -54 0
-30 -78 0
-30 -102 0
-30 -126 0
-30 -150 0
-54 -78 0
-54 -102 0
-54 -126 0
-54 -150 0
-78 -102 0
-78 -126 0
-78 -150 0
-102 -126 0
-102 -150 0
-126 -150 0
29 52 75 98 121 144 0
-29 -52 0
-29 -75 0
-29 -98 0
-29 -121 0
-29 -144 0
-52 -75 0
-52 -98 0
-52 -121 0
-52 -144 0
-75 -98 0
-75 -121 0
-75 -144 0
-98 -121 0
-98 -144 0
-121 -144 0
28 50 72 94 116 138 0
-28 -50 0
-28 -72 0
-28 -94 0
-28 -116 0
-28 -138 0
-50 -72 0
-50 -94 0
-50 -116 0
-50 -138 0
-72 -94 0
-72 -116 0
-72 -138 0
-94 -116 0
-94 -138 0
-116 -138 0
27 48 69 90 111 132 0
-27 -48 0
-27 -69 0
-27 -90 0
-27 -111 0
-27 -132 0
-48 -69 0
-48 -90 0
-48 -111 0
-48 -132 0
-69 -90 0
-69 -111 0
-69 -132 0
-90 -111 0
-90 -132 0
-111 -132 0
26 46 66 86 106 126 0
-26 -46 0
-26 -66 0
-26 -86 0
-26 -106 0
-26 -126 0
-46 -66 0
-46 -86 0
-46 -106 0
-46 -126 0
-66 -86 0
-66 -106 0
-66 -126 0
-86 -106 0
-86 -126 0
-106 -126 0
25 44 63 82 101 120 0
-25 -44 0
-25 -63 0
-25 -82 0
-25 -101 0
-25 -120 0
-44 -63 0
-44 -82 0
-44 -101 0
-44 -120 0
-63 -82 0
-63 -101 0
-63 -120 0
-82 -101 0
-82 -120 0
-101 -120 0
24 42 60 78 96 114 0
-24 -42 0
-24 -60 0
-24 -78 0
-24 -96 0
-24 -114 0
-42 -60 0
-42 -78 0
-42 -96 0
-42 -114 0
-60 -78 0
-60 -96 0
-60 -114 0
-78 -96 0
-78 -114 0
-96 -114 0
23 40 57 74 91 108 0
-23 -40 0
-23 -57 0
-23 -74 0
-23 -91 0
-23 -108 0
-40 -57 0
-40 -74 0
-40 -91 0
-40 -108 0
-57 -74 0
-57 -91 0
-57 -108 0
-74 -91 0
-74 -108 0
-91 -108 0
22 38 54 70 86 102 0
-22 -38 0
-22 -54 0
-22 -70 0
-22 -86 0
-22 -102 0
-38 -54 0
-38 -70 0
-38 -86 0
-38 -102 0
-54 -70 0
-54 -86 0
-54 -102 0
-70 -86 0
-70 -102 0
-86 -102 0
21 36 51 66 81 96 0
-21 -36 0
-21 -51 0
-21 -66 0
-21 -81 0
-21 -96 0
-36 -51 0
-36 -66 0
-36 -81 0
-36 -96 0
-51 -66 0
-51 -81 0
-51 -96 0
-66 -81 0
-66 -96 0
-81 -96 0
20 34 48 62 76 90 0
-20 -34 0
-20 -48 0
-20 -62 0
-20 -76 0
-20 -90 0
-34 -48 0
-34 -62 0
-34 -76 0
-34 -90 0
-48 -62 0
-48 -76 0
-48 -90 0
-62 -76 0
-62 -90 0
-76 -90 0
19 32 45 58 71 84 0
-19 -32 0
-19 -45 0
-19 -58 0
-19 -71 0
-19 -84 0
-32 -45 0
-32 -58 0
-32 -71 0
-32 -84 0
-45 -58 0
-45 -71 0
-45 -84 0
-58 -71 0
-58 -84 0
-71 -84 0
18 30 42 54 66 78 0
-18 -30 0
-18 -42 0
-18 -54 0
-18 -66 0
-18 -78 0
-30 -42 0
-30 -54 0
-30 -66 0
-30 -78 0
-42 -54 0
-42 -66 0
-42 -78 0
-54 -66 0
-54 -78 0
-66 -78 0
17 28 39 50 61 72 0
-17 -28 0
-17 -39 0
-17 -50 0
-17 -61 0
-17 -72 0
-28 -39 0
-28 -50 0
-28 -61 0
-28 -72 0
-39 -50 0
-39 -61 0
-39 -72 0
-50 -61 0
-50 -72 0
-61 -72 0
16 26 36 46 56 66 0
-16 -26 0
-16 -36 0
-16 -46 0
-16 -56 0
-16 -66 0
-26 -36 0
-26 -46 0
-26 -56 0
-26 -66 0
-36 -46 0
-36 -56 0
-36 -66 0
-46 -56 0
-46 -66 0
-56 -66 0
15 24 33 42 51 60 0
-15 -24 0
-15 -33 0
-15 -42 0
-15 -51 0
-15 -60 0
-24 -33 0
-24 -42 0
-24 -51 0
-24 -60 0
-33 -42 0
-33 -51 0
-33 -60 0
-42 -51 0
-42 -60 0
-51 -60 0
14 22 30 38 46 54 0
-14 -22 0
-14 -30 0
-14 -38 0
-14 -46 0
-14 -54 0
-22 -30 0
-22 -38 0
-22 -46 0
-22 -54 0
-30 -38 0
-30 -46 0
-30 -54 0
-38 -46 0
-38 -54 0
-46 -54 0
13 20 27 34 41 48 0
-13 -20 0
-13 -27 0
-13 -34 0
-13 -41 0
-13 -48 0
-20 -27 0
-20 -34 0
-20 -41 0
-20 -48 0
-27 -34 0
-27 -41 0
-27 -48 0
-34 -41 0
-34 -48 0
-41 -48 0
12 18 24 30 36 42 0
-12 -18 0
-12 -24 0
-12 -30 0
-12 -36 0
-12 -42 0
-18 -24 0
-18 -30 0
-18 -36 0
-18 -42 0
-24 -30 0
-24 -36 0
-24 -42 0
-30 -36 0
-30 -42 0
-36 -42 0
11 16 21 26 31 36 0
-11 -16 0
-11 -21 0
-11 -26 0
-11 -31 0
-11 -36 0
-16 -21 0
-16 -26 0
-16 -31 0
-16 -36 0
-21 -26 0
-21 -31 0
-21 -36 0
-26 -31 0
-26 -36 0
-31 -36 0
10 14 18 22 26 30 0
-10 -14 0
-10 -18 0
-10 -22 0
-10 -26 0
-10 -30 0
-14 -18 0
-14 -22 0
-14 -26 0
-14 -30 0
-18 -22 0
-18 -26 0
-18 -30 0
-22 -26 0
-22 -30 0
-26 -30 0
9 12 15 18 21 24 0
-9 -12 0
-9 -15 0
-9 -18 0
-9 -21 0
-9 -24 0
-12 -15 0
-12 -18 0
-12 -21 0
-12 -24 0
-15 -18 0
-15 -21 0
-15 -24 0
-18 -21 0
-18 -24 0
-21 -24 0
8 10 12 14 16 18 0
-8 -10 0
-8 -12 0
-8 -14 0
-8 -16 0
-8 -18 0
-10 -12 0
-10 -14 0
-10 -16 0
-10 -18 0
-12 -14 0
-12 -16 0
-12 -18 0
-14 -16 0
-14 -18 0
-16 -18 0
7 8 9 10 11 12 0
-7 -8 0
-7 -9 0
-7 -10 0
-7 -11 0
-7 -12 0
-8 -9 0
-8 -10 0
-8 -11 0
-8 -12 0
-9 -10 0
-9 -11 0
-9 -12 0
-10 -11 0
-10 -12 0
-11 -12 0
6 6 6 6 6 6 0
-6 -6 0
-6 -6 0
-6 -6 0
-6 -6 0
-6 -6 0
-6 -6 0
-6 -6 0
-6 -6 0
-6 -6 0
-6 -6 0
-6 -6 0
-6 -6 0
-6 -6 0
-6 -6 0
-6 -6 0
