p cnf 350 4985
-56 -55 0
-105 -103 0
-154 -151 0
-203 -199 0
-252 -247 0
-301 -295 0
-350 -343 0
-56 -49 0
-105 -91 0
-154 -133 0
-203 -175 0
-252 -217 0
-301 -259 0
-350 -301 0
-56 -47 0
-105 -87 0
-154 -127 0
-203 -167 0
-252 -207 0
-301 -247 0
-350 -287 0
-56 -45 0
-105 -83 0
-154 -121 0
-203 -159 0
-252 -197 0
-301 -235 0
-350 -273 0
-56 -43 0
-105 -79 0
-154 -115 0
-203 -151 0
-252 -187 0
-301 -223 0
-350 -259 0
-56 -39 0
-105 -71 0
-154 -103 0
-203 -135 0
-252 -167 0
-301 -199 0
-350 -231 0
-56 -38 0
-105 -69 0
-154 -100 0
-203 -131 0
-252 -162 0
-301 -193 0
-350 -224 0
-56 -32 0
-105 -57 0
-154 -82 0
-203 -107 0
-252 -132 0
-301 -157 0
-350 -182 0
-56 -30 0
-105 -53 0
-154 -76 0
-203 -99 0
-252 -122 0
-301 -145 0
-350 -168 0
-56 -29 0
-105 -51 0
-154 -73 0
-203 -95 0
-252 -117 0
-301 -139 0
-350 -161 0
-56 -27 0
-105 -47 0
-154 -67 0
-203 -87 0
-252 -107 0
-301 -127 0
-350 -147 0
-56 -24 0
-105 -41 0
-154 -58 0
-203 -75 0
-252 -92 0
-301 -109 0
-350 -126 0
-56 -23 0
-105 -39 0
-154 -55 0
-203 -71 0
-252 -87 0
-301 -103 0
-350 -119 0
-56 -22 0
-105 -37 0
-154 -52 0
-203 -67 0
-252 -82 0
-301 -97 0
-350 -112 0
-56 -20 0
-105 -33 0
-154 -46 0
-203 -59 0
-252 -72 0
-301 -85 0
-350 -98 0
-56 -18 0
-105 -29 0
-154 -40 0
-203 -51 0
-252 -62 0
-301 -73 0
-350 -84 0
-56 -15 0
-105 -23 0
-154 -31 0
-203 -39 0
-252 -47 0
-301 -55 0
-350 -63 0
-56 -9 0
-105 -11 0
-154 -13 0
-203 -15 0
-252 -17 0
-301 -19 0
-350 -21 0
-55 -54 0
-103 -101 0
-151 -148 0
-199 -195 0
-247 -242 0
-295 -289 0
-343 -336 0
-55 -53 0
-103 -99 0
-151 -145 0
-199 -191 0
-247 -237 0
-295 -283 0
-343 -329 0
-55 -52 0
-103 -97 0
-151 -142 0
-199 -187 0
-247 -232 0
-295 -277 0
-343 -322 0
-55 -51 0
-103 -95 0
-151 -139 0
-199 -183 0
-247 -227 0
-295 -271 0
-343 -315 0
-55 -48 0
-103 -89 0
-151 -130 0
-199 -171 0
-247 -212 0
-295 -253 0
-343 -294 0
-55 -43 0
-103 -79 0
-151 -115 0
-199 -151 0
-247 -187 0
-295 -223 0
-343 -259 0
-55 -42 0
-103 -77 0
-151 -112 0
-199 -147 0
-247 -182 0
-295 -217 0
-343 -252 0
-55 -40 0
-103 -73 0
-151 -106 0
-199 -139 0
-247 -172 0
-295 -205 0
-343 -238 0
-55 -39 0
-103 -71 0
-151 -103 0
-199 -135 0
-247 -167 0
-295 -199 0
-343 -231 0
-55 -37 0
-103 -67 0
-151 -97 0
-199 -127 0
-247 -157 0
-295 -187 0
-343 -217 0
-55 -36 0
-103 -65 0
-151 -94 0
-199 -123 0
-247 -152 0
-295 -181 0
-343 -210 0
-55 -33 0
-103 -59 0
-151 -85 0
-199 -111 0
-247 -137 0
-295 -163 0
-343 -189 0
-55 -30 0
-103 -53 0
-151 -76 0
-199 -99 0
-247 -122 0
-295 -145 0
-343 -168 0
-55 -27 0
-103 -47 0
-151 -67 0
-199 -87 0
-247 -107 0
-295 -127 0
-343 -147 0
-55 -26 0
-103 -45 0
-151 -64 0
-199 -83 0
-247 -102 0
-295 -121 0
-343 -140 0
-55 -20 0
-103 -33 0
-151 -46 0
-199 -59 0
-247 -72 0
-295 -85 0
-343 -98 0
-55 -18 0
-103 -29 0
-151 -40 0
-199 -51 0
-247 -62 0
-295 -73 0
-343 -84 0
-55 -14 0
-103 -21 0
-151 -28 0
-199 -35 0
-247 -42 0
-295 -49 0
-343 -56 0
-55 -13 0
-103 -19 0
-151 -25 0
-199 -31 0
-247 -37 0
-295 -43 0
-343 -49 0
-55 -12 0
-103 -17 0
-151 -22 0
-199 -27 0
-247 -32 0
-295 -37 0
-343 -42 0
-55 -9 0
-103 -11 0
-151 -13 0
-199 -15 0
-247 -17 0
-295 -19 0
-343 -21 0
-54 -52 0
-101 -97 0
-148 -142 0
-195 -187 0
-242 -232 0
-289 -277 0
-336 -322 0
-54 -51 0
-101 -95 0
-148 -139 0
-195 -183 0
-242 -227 0
-289 -271 0
-336 -315 0
-54 -50 0
-101 -93 0
-148 -136 0
-195 -179 0
-242 -222 0
-289 -265 0
-336 -308 0
-54 -47 0
-101 -87 0
-148 -127 0
-195 -167 0
-242 -207 0
-289 -247 0
-336 -287 0
-54 -46 0
-101 -85 0
-148 -124 0
-195 -163 0
-242 -202 0
-289 -241 0
-336 -280 0
-54 -45 0
-101 -83 0
-148 -121 0
-195 -159 0
-242 -197 0
-289 -235 0
-336 -273 0
-54 -44 0
-101 -81 0
-148 -118 0
-195 -155 0
-242 -192 0
-289 -229 0
-336 -266 0
-54 -42 0
-101 -77 0
-148 -112 0
-195 -147 0
-242 -182 0
-289 -217 0
-336 -252 0
-54 -40 0
-101 -73 0
-148 -106 0
-195 -139 0
-242 -172 0
-289 -205 0
-336 -238 0
-54 -39 0
-101 -71 0
-148 -103 0
-195 -135 0
-242 -167 0
-289 -199 0
-336 -231 0
-54 -37 0
-101 -67 0
-148 -97 0
-195 -127 0
-242 -157 0
-289 -187 0
-336 -217 0
-54 -36 0
-101 -65 0
-148 -94 0
-195 -123 0
-242 -152 0
-289 -181 0
-336 -210 0
-54 -35 0
-101 -63 0
-148 -91 0
-195 -119 0
-242 -147 0
-289 -175 0
-336 -203 0
-54 -33 0
-101 -59 0
-148 -85 0
-195 -111 0
-242 -137 0
-289 -163 0
-336 -189 0
-54 -31 0
-101 -55 0
-148 -79 0
-195 -103 0
-242 -127 0
-289 -151 0
-336 -175 0
-54 -26 0
-101 -45 0
-148 -64 0
-195 -83 0
-242 -102 0
-289 -121 0
-336 -140 0
-54 -24 0
-101 -41 0
-148 -58 0
-195 -75 0
-242 -92 0
-289 -109 0
-336 -126 0
-54 -23 0
-101 -39 0
-148 -55 0
-195 -71 0
-242 -87 0
-289 -103 0
-336 -119 0
-54 -22 0
-101 -37 0
-148 -52 0
-195 -67 0
-242 -82 0
-289 -97 0
-336 -112 0
-54 -19 0
-101 -31 0
-148 -43 0
-195 -55 0
-242 -67 0
-289 -79 0
-336 -91 0
-54 -14 0
-101 -21 0
-148 -28 0
-195 -35 0
-242 -42 0
-289 -49 0
-336 -56 0
-54 -13 0
-101 -19 0
-148 -25 0
-195 -31 0
-242 -37 0
-289 -43 0
-336 -49 0
-54 -12 0
-101 -17 0
-148 -22 0
-195 -27 0
-242 -32 0
-289 -37 0
-336 -42 0
-54 -11 0
-101 -15 0
-148 -19 0
-195 -23 0
-242 -27 0
-289 -31 0
-336 -35 0
-54 -10 0
-101 -13 0
-148 -16 0
-195 -19 0
-242 -22 0
-289 -25 0
-336 -28 0
-54 -7 0
-101 -7 0
-148 -7 0
-195 -7 0
-242 -7 0
-289 -7 0
-336 -7 0
-53 -52 0
-99 -97 0
-145 -142 0
-191 -187 0
-237 -232 0
-283 -277 0
-329 -322 0
-53 -51 0
-99 -95 0
-145 -139 0
-191 -183 0
-237 -227 0
-283 -271 0
-329 -315 0
-53 -46 0
-99 -85 0
-145 -124 0
-191 -163 0
-237 -202 0
-283 -241 0
-329 -280 0
-53 -45 0
-99 -83 0
-145 -121 0
-191 -159 0
-237 -197 0
-283 -235 0
-329 -273 0
-53 -41 0
-99 -75 0
-145 -109 0
-191 -143 0
-237 -177 0
-283 -211 0
-329 -245 0
-53 -40 0
-99 -73 0
-145 -106 0
-191 -139 0
-237 -172 0
-283 -205 0
-329 -238 0
-53 -37 0
-99 -67 0
-145 -97 0
-191 -127 0
-237 -157 0
-283 -187 0
-329 -217 0
-53 -36 0
-99 -65 0
-145 -94 0
-191 -123 0
-237 -152 0
-283 -181 0
-329 -210 0
-53 -35 0
-99 -63 0
-145 -91 0
-191 -119 0
-237 -147 0
-283 -175 0
-329 -203 0
-53 -33 0
-99 -59 0
-145 -85 0
-191 -111 0
-237 -137 0
-283 -163 0
-329 -189 0
-53 -26 0
-99 -45 0
-145 -64 0
-191 -83 0
-237 -102 0
-283 -121 0
-329 -140 0
-53 -20 0
-99 -33 0
-145 -46 0
-191 -59 0
-237 -72 0
-283 -85 0
-329 -98 0
-53 -16 0
-99 -25 0
-145 -34 0
-191 -43 0
-237 -52 0
-283 -61 0
-329 -70 0
-53 -14 0
-99 -21 0
-145 -28 0
-191 -35 0
-237 -42 0
-283 -49 0
-329 -56 0
-53 -13 0
-99 -19 0
-145 -25 0
-191 -31 0
-237 -37 0
-283 -43 0
-329 -49 0
-53 -12 0
-99 -17 0
-145 -22 0
-191 -27 0
-237 -32 0
-283 -37 0
-329 -42 0
-53 -9 0
-99 -11 0
-145 -13 0
-191 -15 0
-237 -17 0
-283 -19 0
-329 -21 0
-52 -51 0
-97 -95 0
-142 -139 0
-187 -183 0
-232 -227 0
-277 -271 0
-322 -315 0
-52 -50 0
-97 -93 0
-142 -136 0
-187 -179 0
-232 -222 0
-277 -265 0
-322 -308 0
-52 -47 0
-97 -87 0
-142 -127 0
-187 -167 0
-232 -207 0
-277 -247 0
-322 -287 0
-52 -46 0
-97 -85 0
-142 -124 0
-187 -163 0
-232 -202 0
-277 -241 0
-322 -280 0
-52 -44 0
-97 -81 0
-142 -118 0
-187 -155 0
-232 -192 0
-277 -229 0
-322 -266 0
-52 -43 0
-97 -79 0
-142 -115 0
-187 -151 0
-232 -187 0
-277 -223 0
-322 -259 0
-52 -42 0
-97 -77 0
-142 -112 0
-187 -147 0
-232 -182 0
-277 -217 0
-322 -252 0
-52 -41 0
-97 -75 0
-142 -109 0
-187 -143 0
-232 -177 0
-277 -211 0
-322 -245 0
-52 -40 0
-97 -73 0
-142 -106 0
-187 -139 0
-232 -172 0
-277 -205 0
-322 -238 0
-52 -37 0
-97 -67 0
-142 -97 0
-187 -127 0
-232 -157 0
-277 -187 0
-322 -217 0
-52 -36 0
-97 -65 0
-142 -94 0
-187 -123 0
-232 -152 0
-277 -181 0
-322 -210 0
-52 -35 0
-97 -63 0
-142 -91 0
-187 -119 0
-232 -147 0
-277 -175 0
-322 -203 0
-52 -33 0
-97 -59 0
-142 -85 0
-187 -111 0
-232 -137 0
-277 -163 0
-322 -189 0
-52 -31 0
-97 -55 0
-142 -79 0
-187 -103 0
-232 -127 0
-277 -151 0
-322 -175 0
-52 -26 0
-97 -45 0
-142 -64 0
-187 -83 0
-232 -102 0
-277 -121 0
-322 -140 0
-52 -23 0
-97 -39 0
-142 -55 0
-187 -71 0
-232 -87 0
-277 -103 0
-322 -119 0
-52 -20 0
-97 -33 0
-142 -46 0
-187 -59 0
-232 -72 0
-277 -85 0
-322 -98 0
-52 -19 0
-97 -31 0
-142 -43 0
-187 -55 0
-232 -67 0
-277 -79 0
-322 -91 0
-52 -17 0
-97 -27 0
-142 -37 0
-187 -47 0
-232 -57 0
-277 -67 0
-322 -77 0
-52 -16 0
-97 -25 0
-142 -34 0
-187 -43 0
-232 -52 0
-277 -61 0
-322 -70 0
-52 -15 0
-97 -23 0
-142 -31 0
-187 -39 0
-232 -47 0
-277 -55 0
-322 -63 0
-52 -14 0
-97 -21 0
-142 -28 0
-187 -35 0
-232 -42 0
-277 -49 0
-322 -56 0
-52 -13 0
-97 -19 0
-142 -25 0
-187 -31 0
-232 -37 0
-277 -43 0
-322 -49 0
-52 -11 0
-97 -15 0
-142 -19 0
-187 -23 0
-232 -27 0
-277 -31 0
-322 -35 0
-51 -48 0
-95 -89 0
-139 -130 0
-183 -171 0
-227 -212 0
-271 -253 0
-315 -294 0
-51 -47 0
-95 -87 0
-139 -127 0
-183 -167 0
-227 -207 0
-271 -247 0
-315 -287 0
-51 -40 0
-95 -73 0
-139 -106 0
-183 -139 0
-227 -172 0
-271 -205 0
-315 -238 0
-51 -39 0
-95 -71 0
-139 -103 0
-183 -135 0
-227 -167 0
-271 -199 0
-315 -231 0
-51 -38 0
-95 -69 0
-139 -100 0
-183 -131 0
-227 -162 0
-271 -193 0
-315 -224 0
-51 -37 0
-95 -67 0
-139 -97 0
-183 -127 0
-227 -157 0
-271 -187 0
-315 -217 0
-51 -33 0
-95 -59 0
-139 -85 0
-183 -111 0
-227 -137 0
-271 -163 0
-315 -189 0
-51 -32 0
-95 -57 0
-139 -82 0
-183 -107 0
-227 -132 0
-271 -157 0
-315 -182 0
-51 -30 0
-95 -53 0
-139 -76 0
-183 -99 0
-227 -122 0
-271 -145 0
-315 -168 0
-51 -27 0
-95 -47 0
-139 -67 0
-183 -87 0
-227 -107 0
-271 -127 0
-315 -147 0
-51 -26 0
-95 -45 0
-139 -64 0
-183 -83 0
-227 -102 0
-271 -121 0
-315 -140 0
-51 -25 0
-95 -43 0
-139 -61 0
-183 -79 0
-227 -97 0
-271 -115 0
-315 -133 0
-51 -24 0
-95 -41 0
-139 -58 0
-183 -75 0
-227 -92 0
-271 -109 0
-315 -126 0
-51 -23 0
-95 -39 0
-139 -55 0
-183 -71 0
-227 -87 0
-271 -103 0
-315 -119 0
-51 -22 0
-95 -37 0
-139 -52 0
-183 -67 0
-227 -82 0
-271 -97 0
-315 -112 0
-51 -20 0
-95 -33 0
-139 -46 0
-183 -59 0
-227 -72 0
-271 -85 0
-315 -98 0
-51 -18 0
-95 -29 0
-139 -40 0
-183 -51 0
-227 -62 0
-271 -73 0
-315 -84 0
-51 -17 0
-95 -27 0
-139 -37 0
-183 -47 0
-227 -57 0
-271 -67 0
-315 -77 0
-51 -15 0
-95 -23 0
-139 -31 0
-183 -39 0
-227 -47 0
-271 -55 0
-315 -63 0
-51 -14 0
-95 -21 0
-139 -28 0
-183 -35 0
-227 -42 0
-271 -49 0
-315 -56 0
-51 -13 0
-95 -19 0
-139 -25 0
-183 -31 0
-227 -37 0
-271 -43 0
-315 -49 0
-51 -7 0
-95 -7 0
-139 -7 0
-183 -7 0
-227 -7 0
-271 -7 0
-315 -7 0
-50 -49 0
-93 -91 0
-136 -133 0
-179 -175 0
-222 -217 0
-265 -259 0
-308 -301 0
-50 -48 0
-93 -89 0
-136 -130 0
-179 -171 0
-222 -212 0
-265 -253 0
-308 -294 0
-50 -46 0
-93 -85 0
-136 -124 0
-179 -163 0
-222 -202 0
-265 -241 0
-308 -280 0
-50 -42 0
-93 -77 0
-136 -112 0
-179 -147 0
-222 -182 0
-265 -217 0
-308 -252 0
-50 -38 0
-93 -69 0
-136 -100 0
-179 -131 0
-222 -162 0
-265 -193 0
-308 -224 0
-50 -37 0
-93 -67 0
-136 -97 0
-179 -127 0
-222 -157 0
-265 -187 0
-308 -217 0
-50 -36 0
-93 -65 0
-136 -94 0
-179 -123 0
-222 -152 0
-265 -181 0
-308 -210 0
-50 -35 0
-93 -63 0
-136 -91 0
-179 -119 0
-222 -147 0
-265 -175 0
-308 -203 0
-50 -34 0
-93 -61 0
-136 -88 0
-179 -115 0
-222 -142 0
-265 -169 0
-308 -196 0
-50 -31 0
-93 -55 0
-136 -79 0
-179 -103 0
-222 -127 0
-265 -151 0
-308 -175 0
-50 -28 0
-93 -49 0
-136 -70 0
-179 -91 0
-222 -112 0
-265 -133 0
-308 -154 0
-50 -25 0
-93 -43 0
-136 -61 0
-179 -79 0
-222 -97 0
-265 -115 0
-308 -133 0
-50 -24 0
-93 -41 0
-136 -58 0
-179 -75 0
-222 -92 0
-265 -109 0
-308 -126 0
-50 -21 0
-93 -35 0
-136 -49 0
-179 -63 0
-222 -77 0
-265 -91 0
-308 -105 0
-50 -19 0
-93 -31 0
-136 -43 0
-179 -55 0
-222 -67 0
-265 -79 0
-308 -91 0
-50 -17 0
-93 -27 0
-136 -37 0
-179 -47 0
-222 -57 0
-265 -67 0
-308 -77 0
-50 -16 0
-93 -25 0
-136 -34 0
-179 -43 0
-222 -52 0
-265 -61 0
-308 -70 0
-50 -7 0
-93 -7 0
-136 -7 0
-179 -7 0
-222 -7 0
-265 -7 0
-308 -7 0
-49 -47 0
-91 -87 0
-133 -127 0
-175 -167 0
-217 -207 0
-259 -247 0
-301 -287 0
-49 -46 0
-91 -85 0
-133 -124 0
-175 -163 0
-217 -202 0
-259 -241 0
-301 -280 0
-49 -41 0
-91 -75 0
-133 -109 0
-175 -143 0
-217 -177 0
-259 -211 0
-301 -245 0
-49 -34 0
-91 -61 0
-133 -88 0
-175 -115 0
-217 -142 0
-259 -169 0
-301 -196 0
-49 -32 0
-91 -57 0
-133 -82 0
-175 -107 0
-217 -132 0
-259 -157 0
-301 -182 0
-49 -31 0
-91 -55 0
-133 -79 0
-175 -103 0
-217 -127 0
-259 -151 0
-301 -175 0
-49 -29 0
-91 -51 0
-133 -73 0
-175 -95 0
-217 -117 0
-259 -139 0
-301 -161 0
-49 -28 0
-91 -49 0
-133 -70 0
-175 -91 0
-217 -112 0
-259 -133 0
-301 -154 0
-49 -27 0
-91 -47 0
-133 -67 0
-175 -87 0
-217 -107 0
-259 -127 0
-301 -147 0
-49 -25 0
-91 -43 0
-133 -61 0
-175 -79 0
-217 -97 0
-259 -115 0
-301 -133 0
-49 -22 0
-91 -37 0
-133 -52 0
-175 -67 0
-217 -82 0
-259 -97 0
-301 -112 0
-49 -21 0
-91 -35 0
-133 -49 0
-175 -63 0
-217 -77 0
-259 -91 0
-301 -105 0
-49 -19 0
-91 -31 0
-133 -43 0
-175 -55 0
-217 -67 0
-259 -79 0
-301 -91 0
-49 -17 0
-91 -27 0
-133 -37 0
-175 -47 0
-217 -57 0
-259 -67 0
-301 -77 0
-49 -12 0
-91 -17 0
-133 -22 0
-175 -27 0
-217 -32 0
-259 -37 0
-301 -42 0
-49 -11 0
-91 -15 0
-133 -19 0
-175 -23 0
-217 -27 0
-259 -31 0
-301 -35 0
-49 -10 0
-91 -13 0
-133 -16 0
-175 -19 0
-217 -22 0
-259 -25 0
-301 -28 0
-49 -9 0
-91 -11 0
-133 -13 0
-175 -15 0
-217 -17 0
-259 -19 0
-301 -21 0
-48 -46 0
-89 -85 0
-130 -124 0
-171 -163 0
-212 -202 0
-253 -241 0
-294 -280 0
-48 -42 0
-89 -77 0
-130 -112 0
-171 -147 0
-212 -182 0
-253 -217 0
-294 -252 0
-48 -41 0
-89 -75 0
-130 -109 0
-171 -143 0
-212 -177 0
-253 -211 0
-294 -245 0
-48 -38 0
-89 -69 0
-130 -100 0
-171 -131 0
-212 -162 0
-253 -193 0
-294 -224 0
-48 -36 0
-89 -65 0
-130 -94 0
-171 -123 0
-212 -152 0
-253 -181 0
-294 -210 0
-48 -35 0
-89 -63 0
-130 -91 0
-171 -119 0
-212 -147 0
-253 -175 0
-294 -203 0
-48 -33 0
-89 -59 0
-130 -85 0
-171 -111 0
-212 -137 0
-253 -163 0
-294 -189 0
-48 -32 0
-89 -57 0
-130 -82 0
-171 -107 0
-212 -132 0
-253 -157 0
-294 -182 0
-48 -31 0
-89 -55 0
-130 -79 0
-171 -103 0
-212 -127 0
-253 -151 0
-294 -175 0
-48 -30 0
-89 -53 0
-130 -76 0
-171 -99 0
-212 -122 0
-253 -145 0
-294 -168 0
-48 -29 0
-89 -51 0
-130 -73 0
-171 -95 0
-212 -117 0
-253 -139 0
-294 -161 0
-48 -26 0
-89 -45 0
-130 -64 0
-171 -83 0
-212 -102 0
-253 -121 0
-294 -140 0
-48 -25 0
-89 -43 0
-130 -61 0
-171 -79 0
-212 -97 0
-253 -115 0
-294 -133 0
-48 -24 0
-89 -41 0
-130 -58 0
-171 -75 0
-212 -92 0
-253 -109 0
-294 -126 0
-48 -17 0
-89 -27 0
-130 -37 0
-171 -47 0
-212 -57 0
-253 -67 0
-294 -77 0
-48 -16 0
-89 -25 0
-130 -34 0
-171 -43 0
-212 -52 0
-253 -61 0
-294 -70 0
-48 -7 0
-89 -7 0
-130 -7 0
-171 -7 0
-212 -7 0
-253 -7 0
-294 -7 0
-47 -45 0
-87 -83 0
-127 -121 0
-167 -159 0
-207 -197 0
-247 -235 0
-287 -273 0
-47 -44 0
-87 -81 0
-127 -118 0
-167 -155 0
-207 -192 0
-247 -229 0
-287 -266 0
-47 -39 0
-87 -71 0
-127 -103 0
-167 -135 0
-207 -167 0
-247 -199 0
-287 -231 0
-47 -38 0
-87 -69 0
-127 -100 0
-167 -131 0
-207 -162 0
-247 -193 0
-287 -224 0
-47 -37 0
-87 -67 0
-127 -97 0
-167 -127 0
-207 -157 0
-247 -187 0
-287 -217 0
-47 -33 0
-87 -59 0
-127 -85 0
-167 -111 0
-207 -137 0
-247 -163 0
-287 -189 0
-47 -31 0
-87 -55 0
-127 -79 0
-167 -103 0
-207 -127 0
-247 -151 0
-287 -175 0
-47 -30 0
-87 -53 0
-127 -76 0
-167 -99 0
-207 -122 0
-247 -145 0
-287 -168 0
-47 -24 0
-87 -41 0
-127 -58 0
-167 -75 0
-207 -92 0
-247 -109 0
-287 -126 0
-47 -23 0
-87 -39 0
-127 -55 0
-167 -71 0
-207 -87 0
-247 -103 0
-287 -119 0
-47 -20 0
-87 -33 0
-127 -46 0
-167 -59 0
-207 -72 0
-247 -85 0
-287 -98 0
-47 -19 0
-87 -31 0
-127 -43 0
-167 -55 0
-207 -67 0
-247 -79 0
-287 -91 0
-47 -18 0
-87 -29 0
-127 -40 0
-167 -51 0
-207 -62 0
-247 -73 0
-287 -84 0
-47 -15 0
-87 -23 0
-127 -31 0
-167 -39 0
-207 -47 0
-247 -55 0
-287 -63 0
-47 -12 0
-87 -17 0
-127 -22 0
-167 -27 0
-207 -32 0
-247 -37 0
-287 -42 0
-47 -9 0
-87 -11 0
-127 -13 0
-167 -15 0
-207 -17 0
-247 -19 0
-287 -21 0
-46 -43 0
-85 -79 0
-124 -115 0
-163 -151 0
-202 -187 0
-241 -223 0
-280 -259 0
-46 -41 0
-85 -75 0
-124 -109 0
-163 -143 0
-202 -177 0
-241 -211 0
-280 -245 0
-46 -40 0
-85 -73 0
-124 -106 0
-163 -139 0
-202 -172 0
-241 -205 0
-280 -238 0
-46 -36 0
-85 -65 0
-124 -94 0
-163 -123 0
-202 -152 0
-241 -181 0
-280 -210 0
-46 -34 0
-85 -61 0
-124 -88 0
-163 -115 0
-202 -142 0
-241 -169 0
-280 -196 0
-46 -32 0
-85 -57 0
-124 -82 0
-163 -107 0
-202 -132 0
-241 -157 0
-280 -182 0
-46 -29 0
-85 -51 0
-124 -73 0
-163 -95 0
-202 -117 0
-241 -139 0
-280 -161 0
-46 -26 0
-85 -45 0
-124 -64 0
-163 -83 0
-202 -102 0
-241 -121 0
-280 -140 0
-46 -25 0
-85 -43 0
-124 -61 0
-163 -79 0
-202 -97 0
-241 -115 0
-280 -133 0
-46 -21 0
-85 -35 0
-124 -49 0
-163 -63 0
-202 -77 0
-241 -91 0
-280 -105 0
-46 -19 0
-85 -31 0
-124 -43 0
-163 -55 0
-202 -67 0
-241 -79 0
-280 -91 0
-46 -16 0
-85 -25 0
-124 -34 0
-163 -43 0
-202 -52 0
-241 -61 0
-280 -70 0
-46 -14 0
-85 -21 0
-124 -28 0
-163 -35 0
-202 -42 0
-241 -49 0
-280 -56 0
-46 -13 0
-85 -19 0
-124 -25 0
-163 -31 0
-202 -37 0
-241 -43 0
-280 -49 0
-46 -11 0
-85 -15 0
-124 -19 0
-163 -23 0
-202 -27 0
-241 -31 0
-280 -35 0
-46 -10 0
-85 -13 0
-124 -16 0
-163 -19 0
-202 -22 0
-241 -25 0
-280 -28 0
-46 -7 0
-85 -7 0
-124 -7 0
-163 -7 0
-202 -7 0
-241 -7 0
-280 -7 0
-45 -44 0
-83 -81 0
-121 -118 0
-159 -155 0
-197 -192 0
-235 -229 0
-273 -266 0
-45 -43 0
-83 -79 0
-121 -115 0
-159 -151 0
-197 -187 0
-235 -223 0
-273 -259 0
-45 -39 0
-83 -71 0
-121 -103 0
-159 -135 0
-197 -167 0
-235 -199 0
-273 -231 0
-45 -38 0
-83 -69 0
-121 -100 0
-159 -131 0
-197 -162 0
-235 -193 0
-273 -224 0
-45 -32 0
-83 -57 0
-121 -82 0
-159 -107 0
-197 -132 0
-235 -157 0
-273 -182 0
-45 -30 0
-83 -53 0
-121 -76 0
-159 -99 0
-197 -122 0
-235 -145 0
-273 -168 0
-45 -28 0
-83 -49 0
-121 -70 0
-159 -91 0
-197 -112 0
-235 -133 0
-273 -154 0
-45 -27 0
-83 -47 0
-121 -67 0
-159 -87 0
-197 -107 0
-235 -127 0
-273 -147 0
-45 -24 0
-83 -41 0
-121 -58 0
-159 -75 0
-197 -92 0
-235 -109 0
-273 -126 0
-45 -23 0
-83 -39 0
-121 -55 0
-159 -71 0
-197 -87 0
-235 -103 0
-273 -119 0
-45 -22 0
-83 -37 0
-121 -52 0
-159 -67 0
-197 -82 0
-235 -97 0
-273 -112 0
-45 -20 0
-83 -33 0
-121 -46 0
-159 -59 0
-197 -72 0
-235 -85 0
-273 -98 0
-45 -18 0
-83 -29 0
-121 -40 0
-159 -51 0
-197 -62 0
-235 -73 0
-273 -84 0
-45 -15 0
-83 -23 0
-121 -31 0
-159 -39 0
-197 -47 0
-235 -55 0
-273 -63 0
-45 -12 0
-83 -17 0
-121 -22 0
-159 -27 0
-197 -32 0
-235 -37 0
-273 -42 0
-45 -11 0
-83 -15 0
-121 -19 0
-159 -23 0
-197 -27 0
-235 -31 0
-273 -35 0
-45 -9 0
-83 -11 0
-121 -13 0
-159 -15 0
-197 -17 0
-235 -19 0
-273 -21 0
-44 -40 0
-81 -73 0
-118 -106 0
-155 -139 0
-192 -172 0
-229 -205 0
-266 -238 0
-44 -39 0
-81 -71 0
-118 -103 0
-155 -135 0
-192 -167 0
-229 -199 0
-266 -231 0
-44 -38 0
-81 -69 0
-118 -100 0
-155 -131 0
-192 -162 0
-229 -193 0
-266 -224 0
-44 -37 0
-81 -67 0
-118 -97 0
-155 -127 0
-192 -157 0
-229 -187 0
-266 -217 0
-44 -36 0
-81 -65 0
-118 -94 0
-155 -123 0
-192 -152 0
-229 -181 0
-266 -210 0
-44 -33 0
-81 -59 0
-118 -85 0
-155 -111 0
-192 -137 0
-229 -163 0
-266 -189 0
-44 -32 0
-81 -57 0
-118 -82 0
-155 -107 0
-192 -132 0
-229 -157 0
-266 -182 0
-44 -31 0
-81 -55 0
-118 -79 0
-155 -103 0
-192 -127 0
-229 -151 0
-266 -175 0
-44 -26 0
-81 -45 0
-118 -64 0
-155 -83 0
-192 -102 0
-229 -121 0
-266 -140 0
-44 -24 0
-81 -41 0
-118 -58 0
-155 -75 0
-192 -92 0
-229 -109 0
-266 -126 0
-44 -23 0
-81 -39 0
-118 -55 0
-155 -71 0
-192 -87 0
-229 -103 0
-266 -119 0
-44 -22 0
-81 -37 0
-118 -52 0
-155 -67 0
-192 -82 0
-229 -97 0
-266 -112 0
-44 -19 0
-81 -31 0
-118 -43 0
-155 -55 0
-192 -67 0
-229 -79 0
-266 -91 0
-44 -18 0
-81 -29 0
-118 -40 0
-155 -51 0
-192 -62 0
-229 -73 0
-266 -84 0
-44 -15 0
-81 -23 0
-118 -31 0
-155 -39 0
-192 -47 0
-229 -55 0
-266 -63 0
-44 -12 0
-81 -17 0
-118 -22 0
-155 -27 0
-192 -32 0
-229 -37 0
-266 -42 0
-44 -11 0
-81 -15 0
-118 -19 0
-155 -23 0
-192 -27 0
-229 -31 0
-266 -35 0
-44 -10 0
-81 -13 0
-118 -16 0
-155 -19 0
-192 -22 0
-229 -25 0
-266 -28 0
-44 -9 0
-81 -11 0
-118 -13 0
-155 -15 0
-192 -17 0
-229 -19 0
-266 -21 0
-43 -41 0
-79 -75 0
-115 -109 0
-151 -143 0
-187 -177 0
-223 -211 0
-259 -245 0
-43 -40 0
-79 -73 0
-115 -106 0
-151 -139 0
-187 -172 0
-223 -205 0
-259 -238 0
-43 -37 0
-79 -67 0
-115 -97 0
-151 -127 0
-187 -157 0
-223 -187 0
-259 -217 0
-43 -36 0
-79 -65 0
-115 -94 0
-151 -123 0
-187 -152 0
-223 -181 0
-259 -210 0
-43 -35 0
-79 -63 0
-115 -91 0
-151 -119 0
-187 -147 0
-223 -175 0
-259 -203 0
-43 -33 0
-79 -59 0
-115 -85 0
-151 -111 0
-187 -137 0
-223 -163 0
-259 -189 0
-43 -26 0
-79 -45 0
-115 -64 0
-151 -83 0
-187 -102 0
-223 -121 0
-259 -140 0
-43 -20 0
-79 -33 0
-115 -46 0
-151 -59 0
-187 -72 0
-223 -85 0
-259 -98 0
-43 -14 0
-79 -21 0
-115 -28 0
-151 -35 0
-187 -42 0
-223 -49 0
-259 -56 0
-43 -13 0
-79 -19 0
-115 -25 0
-151 -31 0
-187 -37 0
-223 -43 0
-259 -49 0
-43 -12 0
-79 -17 0
-115 -22 0
-151 -27 0
-187 -32 0
-223 -37 0
-259 -42 0
-43 -9 0
-79 -11 0
-115 -13 0
-151 -15 0
-187 -17 0
-223 -19 0
-259 -21 0
-42 -40 0
-77 -73 0
-112 -106 0
-147 -139 0
-182 -172 0
-217 -205 0
-252 -238 0
-42 -38 0
-77 -69 0
-112 -100 0
-147 -131 0
-182 -162 0
-217 -193 0
-252 -224 0
-42 -37 0
-77 -67 0
-112 -97 0
-147 -127 0
-182 -157 0
-217 -187 0
-252 -217 0
-42 -33 0
-77 -59 0
-112 -85 0
-147 -111 0
-182 -137 0
-217 -163 0
-252 -189 0
-42 -32 0
-77 -57 0
-112 -82 0
-147 -107 0
-182 -132 0
-217 -157 0
-252 -182 0
-42 -30 0
-77 -53 0
-112 -76 0
-147 -99 0
-182 -122 0
-217 -145 0
-252 -168 0
-42 -29 0
-77 -51 0
-112 -73 0
-147 -95 0
-182 -117 0
-217 -139 0
-252 -161 0
-42 -27 0
-77 -47 0
-112 -67 0
-147 -87 0
-182 -107 0
-217 -127 0
-252 -147 0
-42 -26 0
-77 -45 0
-112 -64 0
-147 -83 0
-182 -102 0
-217 -121 0
-252 -140 0
-42 -25 0
-77 -43 0
-112 -61 0
-147 -79 0
-182 -97 0
-217 -115 0
-252 -133 0
-42 -24 0
-77 -41 0
-112 -58 0
-147 -75 0
-182 -92 0
-217 -109 0
-252 -126 0
-42 -23 0
-77 -39 0
-112 -55 0
-147 -71 0
-182 -87 0
-217 -103 0
-252 -119 0
-42 -22 0
-77 -37 0
-112 -52 0
-147 -67 0
-182 -82 0
-217 -97 0
-252 -112 0
-42 -20 0
-77 -33 0
-112 -46 0
-147 -59 0
-182 -72 0
-217 -85 0
-252 -98 0
-42 -18 0
-77 -29 0
-112 -40 0
-147 -51 0
-182 -62 0
-217 -73 0
-252 -84 0
-42 -17 0
-77 -27 0
-112 -37 0
-147 -47 0
-182 -57 0
-217 -67 0
-252 -77 0
-42 -16 0
-77 -25 0
-112 -34 0
-147 -43 0
-182 -52 0
-217 -61 0
-252 -70 0
-42 -15 0
-77 -23 0
-112 -31 0
-147 -39 0
-182 -47 0
-217 -55 0
-252 -63 0
-42 -14 0
-77 -21 0
-112 -28 0
-147 -35 0
-182 -42 0
-217 -49 0
-252 -56 0
-42 -13 0
-77 -19 0
-112 -25 0
-147 -31 0
-182 -37 0
-217 -43 0
-252 -49 0
-42 -7 0
-77 -7 0
-112 -7 0
-147 -7 0
-182 -7 0
-217 -7 0
-252 -7 0
-41 -37 0
-75 -67 0
-109 -97 0
-143 -127 0
-177 -157 0
-211 -187 0
-245 -217 0
-41 -36 0
-75 -65 0
-109 -94 0
-143 -123 0
-177 -152 0
-211 -181 0
-245 -210 0
-41 -35 0
-75 -63 0
-109 -91 0
-143 -119 0
-177 -147 0
-211 -175 0
-245 -203 0
-41 -34 0
-75 -61 0
-109 -88 0
-143 -115 0
-177 -142 0
-211 -169 0
-245 -196 0
-41 -31 0
-75 -55 0
-109 -79 0
-143 -103 0
-177 -127 0
-211 -151 0
-245 -175 0
-41 -29 0
-75 -51 0
-109 -73 0
-143 -95 0
-177 -117 0
-211 -139 0
-245 -161 0
-41 -27 0
-75 -47 0
-109 -67 0
-143 -87 0
-177 -107 0
-211 -127 0
-245 -147 0
-41 -19 0
-75 -31 0
-109 -43 0
-143 -55 0
-177 -67 0
-211 -79 0
-245 -91 0
-41 -17 0
-75 -27 0
-109 -37 0
-143 -47 0
-177 -57 0
-211 -67 0
-245 -77 0
-41 -16 0
-75 -25 0
-109 -34 0
-143 -43 0
-177 -52 0
-211 -61 0
-245 -70 0
-41 -13 0
-75 -19 0
-109 -25 0
-143 -31 0
-177 -37 0
-211 -43 0
-245 -49 0
-41 -12 0
-75 -17 0
-109 -22 0
-143 -27 0
-177 -32 0
-211 -37 0
-245 -42 0
-41 -9 0
-75 -11 0
-109 -13 0
-143 -15 0
-177 -17 0
-211 -19 0
-245 -21 0
-41 -8 0
-75 -9 0
-109 -10 0
-143 -11 0
-177 -12 0
-211 -13 0
-245 -14 0
-40 -37 0
-73 -67 0
-106 -97 0
-139 -127 0
-172 -157 0
-205 -187 0
-238 -217 0
-40 -36 0
-73 -65 0
-106 -94 0
-139 -123 0
-172 -152 0
-205 -181 0
-238 -210 0
-40 -35 0
-73 -63 0
-106 -91 0
-139 -119 0
-172 -147 0
-205 -175 0
-238 -203 0
-40 -33 0
-73 -59 0
-106 -85 0
-139 -111 0
-172 -137 0
-205 -163 0
-238 -189 0
-40 -31 0
-73 -55 0
-106 -79 0
-139 -103 0
-172 -127 0
-205 -151 0
-238 -175 0
-40 -24 0
-73 -41 0
-106 -58 0
-139 -75 0
-172 -92 0
-205 -109 0
-238 -126 0
-40 -23 0
-73 -39 0
-106 -55 0
-139 -71 0
-172 -87 0
-205 -103 0
-238 -119 0
-40 -19 0
-73 -31 0
-106 -43 0
-139 -55 0
-172 -67 0
-205 -79 0
-238 -91 0
-40 -17 0
-73 -27 0
-106 -37 0
-139 -47 0
-172 -57 0
-205 -67 0
-238 -77 0
-40 -16 0
-73 -25 0
-106 -34 0
-139 -43 0
-172 -52 0
-205 -61 0
-238 -70 0
-40 -15 0
-73 -23 0
-106 -31 0
-139 -39 0
-172 -47 0
-205 -55 0
-238 -63 0
-40 -13 0
-73 -19 0
-106 -25 0
-139 -31 0
-172 -37 0
-205 -43 0
-238 -49 0
-39 -38 0
-71 -69 0
-103 -100 0
-135 -131 0
-167 -162 0
-199 -193 0
-231 -224 0
-39 -34 0
-71 -61 0
-103 -88 0
-135 -115 0
-167 -142 0
-199 -169 0
-231 -196 0
-39 -33 0
-71 -59 0
-103 -85 0
-135 -111 0
-167 -137 0
-199 -163 0
-231 -189 0
-39 -32 0
-71 -57 0
-103 -82 0
-135 -107 0
-167 -132 0
-199 -157 0
-231 -182 0
-39 -30 0
-71 -53 0
-103 -76 0
-135 -99 0
-167 -122 0
-199 -145 0
-231 -168 0
-39 -28 0
-71 -49 0
-103 -70 0
-135 -91 0
-167 -112 0
-199 -133 0
-231 -154 0
-39 -27 0
-71 -47 0
-103 -67 0
-135 -87 0
-167 -107 0
-199 -127 0
-231 -147 0
-39 -23 0
-71 -39 0
-103 -55 0
-135 -71 0
-167 -87 0
-199 -103 0
-231 -119 0
-39 -22 0
-71 -37 0
-103 -52 0
-135 -67 0
-167 -82 0
-199 -97 0
-231 -112 0
-39 -21 0
-71 -35 0
-103 -49 0
-135 -63 0
-167 -77 0
-199 -91 0
-231 -105 0
-39 -20 0
-71 -33 0
-103 -46 0
-135 -59 0
-167 -72 0
-199 -85 0
-231 -98 0
-39 -18 0
-71 -29 0
-103 -40 0
-135 -51 0
-167 -62 0
-199 -73 0
-231 -84 0
-39 -15 0
-71 -23 0
-103 -31 0
-135 -39 0
-167 -47 0
-199 -55 0
-231 -63 0
-39 -12 0
-71 -17 0
-103 -22 0
-135 -27 0
-167 -32 0
-199 -37 0
-231 -42 0
-38 -34 0
-69 -61 0
-100 -88 0
-131 -115 0
-162 -142 0
-193 -169 0
-224 -196 0
-38 -33 0
-69 -59 0
-100 -85 0
-131 -111 0
-162 -137 0
-193 -163 0
-224 -189 0
-38 -32 0
-69 -57 0
-100 -82 0
-131 -107 0
-162 -132 0
-193 -157 0
-224 -182 0
-38 -31 0
-69 -55 0
-100 -79 0
-131 -103 0
-162 -127 0
-193 -151 0
-224 -175 0
-38 -28 0
-69 -49 0
-100 -70 0
-131 -91 0
-162 -112 0
-193 -133 0
-224 -154 0
-38 -26 0
-69 -45 0
-100 -64 0
-131 -83 0
-162 -102 0
-193 -121 0
-224 -140 0
-38 -25 0
-69 -43 0
-100 -61 0
-131 -79 0
-162 -97 0
-193 -115 0
-224 -133 0
-38 -24 0
-69 -41 0
-100 -58 0
-131 -75 0
-162 -92 0
-193 -109 0
-224 -126 0
-38 -23 0
-69 -39 0
-100 -55 0
-131 -71 0
-162 -87 0
-193 -103 0
-224 -119 0
-38 -22 0
-69 -37 0
-100 -52 0
-131 -67 0
-162 -82 0
-193 -97 0
-224 -112 0
-38 -21 0
-69 -35 0
-100 -49 0
-131 -63 0
-162 -77 0
-193 -91 0
-224 -105 0
-38 -19 0
-69 -31 0
-100 -43 0
-131 -55 0
-162 -67 0
-193 -79 0
-224 -91 0
-38 -17 0
-69 -27 0
-100 -37 0
-131 -47 0
-162 -57 0
-193 -67 0
-224 -77 0
-38 -16 0
-69 -25 0
-100 -34 0
-131 -43 0
-162 -52 0
-193 -61 0
-224 -70 0
-38 -10 0
-69 -13 0
-100 -16 0
-131 -19 0
-162 -22 0
-193 -25 0
-224 -28 0
-38 -7 0
-69 -7 0
-100 -7 0
-131 -7 0
-162 -7 0
-193 -7 0
-224 -7 0
-37 -36 0
-67 -65 0
-97 -94 0
-127 -123 0
-157 -152 0
-187 -181 0
-217 -210 0
-37 -26 0
-67 -45 0
-97 -64 0
-127 -83 0
-157 -102 0
-187 -121 0
-217 -140 0
-37 -25 0
-67 -43 0
-97 -61 0
-127 -79 0
-157 -97 0
-187 -115 0
-217 -133 0
-37 -24 0
-67 -41 0
-97 -58 0
-127 -75 0
-157 -92 0
-187 -109 0
-217 -126 0
-37 -19 0
-67 -31 0
-97 -43 0
-127 -55 0
-157 -67 0
-187 -79 0
-217 -91 0
-37 -16 0
-67 -25 0
-97 -34 0
-127 -43 0
-157 -52 0
-187 -61 0
-217 -70 0
-37 -15 0
-67 -23 0
-97 -31 0
-127 -39 0
-157 -47 0
-187 -55 0
-217 -63 0
-37 -14 0
-67 -21 0
-97 -28 0
-127 -35 0
-157 -42 0
-187 -49 0
-217 -56 0
-37 -13 0
-67 -19 0
-97 -25 0
-127 -31 0
-157 -37 0
-187 -43 0
-217 -49 0
-37 -11 0
-67 -15 0
-97 -19 0
-127 -23 0
-157 -27 0
-187 -31 0
-217 -35 0
-37 -10 0
-67 -13 0
-97 -16 0
-127 -19 0
-157 -22 0
-187 -25 0
-217 -28 0
-36 -35 0
-65 -63 0
-94 -91 0
-123 -119 0
-152 -147 0
-181 -175 0
-210 -203 0
-36 -33 0
-65 -59 0
-94 -85 0
-123 -111 0
-152 -137 0
-181 -163 0
-210 -189 0
-36 -31 0
-65 -55 0
-94 -79 0
-123 -103 0
-152 -127 0
-181 -151 0
-210 -175 0
-36 -26 0
-65 -45 0
-94 -64 0
-123 -83 0
-152 -102 0
-181 -121 0
-210 -140 0
-36 -25 0
-65 -43 0
-94 -61 0
-123 -79 0
-152 -97 0
-181 -115 0
-210 -133 0
-36 -23 0
-65 -39 0
-94 -55 0
-123 -71 0
-152 -87 0
-181 -103 0
-210 -119 0
-36 -19 0
-65 -31 0
-94 -43 0
-123 -55 0
-152 -67 0
-181 -79 0
-210 -91 0
-36 -17 0
-65 -27 0
-94 -37 0
-123 -47 0
-152 -57 0
-181 -67 0
-210 -77 0
-36 -16 0
-65 -25 0
-94 -34 0
-123 -43 0
-152 -52 0
-181 -61 0
-210 -70 0
-36 -15 0
-65 -23 0
-94 -31 0
-123 -39 0
-152 -47 0
-181 -55 0
-210 -63 0
-36 -14 0
-65 -21 0
-94 -28 0
-123 -35 0
-152 -42 0
-181 -49 0
-210 -56 0
-36 -13 0
-65 -19 0
-94 -25 0
-123 -31 0
-152 -37 0
-181 -43 0
-210 -49 0
-36 -11 0
-65 -15 0
-94 -19 0
-123 -23 0
-152 -27 0
-181 -31 0
-210 -35 0
-36 -8 0
-65 -9 0
-94 -10 0
-123 -11 0
-152 -12 0
-181 -13 0
-210 -14 0
-35 -29 0
-63 -51 0
-91 -73 0
-119 -95 0
-147 -117 0
-175 -139 0
-203 -161 0
-35 -27 0
-63 -47 0
-91 -67 0
-119 -87 0
-147 -107 0
-175 -127 0
-203 -147 0
-35 -26 0
-63 -45 0
-91 -64 0
-119 -83 0
-147 -102 0
-175 -121 0
-203 -140 0
-35 -25 0
-63 -43 0
-91 -61 0
-119 -79 0
-147 -97 0
-175 -115 0
-203 -133 0
-35 -19 0
-63 -31 0
-91 -43 0
-119 -55 0
-147 -67 0
-175 -79 0
-203 -91 0
-35 -16 0
-63 -25 0
-91 -34 0
-119 -43 0
-147 -52 0
-175 -61 0
-203 -70 0
-35 -14 0
-63 -21 0
-91 -28 0
-119 -35 0
-147 -42 0
-175 -49 0
-203 -56 0
-35 -13 0
-63 -19 0
-91 -25 0
-119 -31 0
-147 -37 0
-175 -43 0
-203 -49 0
-35 -8 0
-63 -9 0
-91 -10 0
-119 -11 0
-147 -12 0
-175 -13 0
-203 -14 0
-35 -7 0
-63 -7 0
-91 -7 0
-119 -7 0
-147 -7 0
-175 -7 0
-203 -7 0
-34 -32 0
-61 -57 0
-88 -82 0
-115 -107 0
-142 -132 0
-169 -157 0
-196 -182 0
-34 -31 0
-61 -55 0
-88 -79 0
-115 -103 0
-142 -127 0
-169 -151 0
-196 -175 0
-34 -29 0
-61 -51 0
-88 -73 0
-115 -95 0
-142 -117 0
-169 -139 0
-196 -161 0
-34 -27 0
-61 -47 0
-88 -67 0
-115 -87 0
-142 -107 0
-169 -127 0
-196 -147 0
-34 -25 0
-61 -43 0
-88 -61 0
-115 -79 0
-142 -97 0
-169 -115 0
-196 -133 0
-34 -24 0
-61 -41 0
-88 -58 0
-115 -75 0
-142 -92 0
-169 -109 0
-196 -126 0
-34 -22 0
-61 -37 0
-88 -52 0
-115 -67 0
-142 -82 0
-169 -97 0
-196 -112 0
-34 -19 0
-61 -31 0
-88 -43 0
-115 -55 0
-142 -67 0
-169 -79 0
-196 -91 0
-34 -18 0
-61 -29 0
-88 -40 0
-115 -51 0
-142 -62 0
-169 -73 0
-196 -84 0
-34 -17 0
-61 -27 0
-88 -37 0
-115 -47 0
-142 -57 0
-169 -67 0
-196 -77 0
-34 -16 0
-61 -25 0
-88 -34 0
-115 -43 0
-142 -52 0
-169 -61 0
-196 -70 0
-34 -12 0
-61 -17 0
-88 -22 0
-115 -27 0
-142 -32 0
-169 -37 0
-196 -42 0
-34 -11 0
-61 -15 0
-88 -19 0
-115 -23 0
-142 -27 0
-169 -31 0
-196 -35 0
-34 -10 0
-61 -13 0
-88 -16 0
-115 -19 0
-142 -22 0
-169 -25 0
-196 -28 0
-34 -8 0
-61 -9 0
-88 -10 0
-115 -11 0
-142 -12 0
-169 -13 0
-196 -14 0
-34 -7 0
-61 -7 0
-88 -7 0
-115 -7 0
-142 -7 0
-169 -7 0
-196 -7 0
-33 -32 0
-59 -57 0
-85 -82 0
-111 -107 0
-137 -132 0
-163 -157 0
-189 -182 0
-33 -30 0
-59 -53 0
-85 -76 0
-111 -99 0
-137 -122 0
-163 -145 0
-189 -168 0
-33 -27 0
-59 -47 0
-85 -67 0
-111 -87 0
-137 -107 0
-163 -127 0
-189 -147 0
-33 -26 0
-59 -45 0
-85 -64 0
-111 -83 0
-137 -102 0
-163 -121 0
-189 -140 0
-33 -25 0
-59 -43 0
-85 -61 0
-111 -79 0
-137 -97 0
-163 -115 0
-189 -133 0
-33 -24 0
-59 -41 0
-85 -58 0
-111 -75 0
-137 -92 0
-163 -109 0
-189 -126 0
-33 -22 0
-59 -37 0
-85 -52 0
-111 -67 0
-137 -82 0
-163 -97 0
-189 -112 0
-33 -20 0
-59 -33 0
-85 -46 0
-111 -59 0
-137 -72 0
-163 -85 0
-189 -98 0
-33 -18 0
-59 -29 0
-85 -40 0
-111 -51 0
-137 -62 0
-163 -73 0
-189 -84 0
-33 -15 0
-59 -23 0
-85 -31 0
-111 -39 0
-137 -47 0
-163 -55 0
-189 -63 0
-33 -14 0
-59 -21 0
-85 -28 0
-111 -35 0
-137 -42 0
-163 -49 0
-189 -56 0
-33 -13 0
-59 -19 0
-85 -25 0
-111 -31 0
-137 -37 0
-163 -43 0
-189 -49 0
-33 -7 0
-59 -7 0
-85 -7 0
-111 -7 0
-137 -7 0
-163 -7 0
-189 -7 0
-32 -31 0
-57 -55 0
-82 -79 0
-107 -103 0
-132 -127 0
-157 -151 0
-182 -175 0
-32 -30 0
-57 -53 0
-82 -76 0
-107 -99 0
-132 -122 0
-157 -145 0
-182 -168 0
-32 -29 0
-57 -51 0
-82 -73 0
-107 -95 0
-132 -117 0
-157 -139 0
-182 -161 0
-32 -28 0
-57 -49 0
-82 -70 0
-107 -91 0
-132 -112 0
-157 -133 0
-182 -154 0
-32 -25 0
-57 -43 0
-82 -61 0
-107 -79 0
-132 -97 0
-157 -115 0
-182 -133 0
-32 -24 0
-57 -41 0
-82 -58 0
-107 -75 0
-132 -92 0
-157 -109 0
-182 -126 0
-32 -23 0
-57 -39 0
-82 -55 0
-107 -71 0
-132 -87 0
-157 -103 0
-182 -119 0
-32 -21 0
-57 -35 0
-82 -49 0
-107 -63 0
-132 -77 0
-157 -91 0
-182 -105 0
-32 -19 0
-57 -31 0
-82 -43 0
-107 -55 0
-132 -67 0
-157 -79 0
-182 -91 0
-32 -18 0
-57 -29 0
-82 -40 0
-107 -51 0
-132 -62 0
-157 -73 0
-182 -84 0
-32 -17 0
-57 -27 0
-82 -37 0
-107 -47 0
-132 -57 0
-157 -67 0
-182 -77 0
-32 -16 0
-57 -25 0
-82 -34 0
-107 -43 0
-132 -52 0
-157 -61 0
-182 -70 0
-32 -15 0
-57 -23 0
-82 -31 0
-107 -39 0
-132 -47 0
-157 -55 0
-182 -63 0
-32 -8 0
-57 -9 0
-82 -10 0
-107 -11 0
-132 -12 0
-157 -13 0
-182 -14 0
-32 -7 0
-57 -7 0
-82 -7 0
-107 -7 0
-132 -7 0
-157 -7 0
-182 -7 0
-31 -28 0
-55 -49 0
-79 -70 0
-103 -91 0
-127 -112 0
-151 -133 0
-175 -154 0
-31 -26 0
-55 -45 0
-79 -64 0
-103 -83 0
-127 -102 0
-151 -121 0
-175 -140 0
-31 -25 0
-55 -43 0
-79 -61 0
-103 -79 0
-127 -97 0
-151 -115 0
-175 -133 0
-31 -21 0
-55 -35 0
-79 -49 0
-103 -63 0
-127 -77 0
-151 -91 0
-175 -105 0
-31 -19 0
-55 -31 0
-79 -43 0
-103 -55 0
-127 -67 0
-151 -79 0
-175 -91 0
-31 -16 0
-55 -25 0
-79 -34 0
-103 -43 0
-127 -52 0
-151 -61 0
-175 -70 0
-31 -15 0
-55 -23 0
-79 -31 0
-103 -39 0
-127 -47 0
-151 -55 0
-175 -63 0
-31 -14 0
-55 -21 0
-79 -28 0
-103 -35 0
-127 -42 0
-151 -49 0
-175 -56 0
-31 -13 0
-55 -19 0
-79 -25 0
-103 -31 0
-127 -37 0
-151 -43 0
-175 -49 0
-31 -11 0
-55 -15 0
-79 -19 0
-103 -23 0
-127 -27 0
-151 -31 0
-175 -35 0
-31 -10 0
-55 -13 0
-79 -16 0
-103 -19 0
-127 -22 0
-151 -25 0
-175 -28 0
-31 -7 0
-55 -7 0
-79 -7 0
-103 -7 0
-127 -7 0
-151 -7 0
-175 -7 0
-30 -29 0
-53 -51 0
-76 -73 0
-99 -95 0
-122 -117 0
-145 -139 0
-168 -161 0
-30 -28 0
-53 -49 0
-76 -70 0
-99 -91 0
-122 -112 0
-145 -133 0
-168 -154 0
-30 -27 0
-53 -47 0
-76 -67 0
-99 -87 0
-122 -107 0
-145 -127 0
-168 -147 0
-30 -26 0
-53 -45 0
-76 -64 0
-99 -83 0
-122 -102 0
-145 -121 0
-168 -140 0
-30 -22 0
-53 -37 0
-76 -52 0
-99 -67 0
-122 -82 0
-145 -97 0
-168 -112 0
-30 -20 0
-53 -33 0
-76 -46 0
-99 -59 0
-122 -72 0
-145 -85 0
-168 -98 0
-30 -14 0
-53 -21 0
-76 -28 0
-99 -35 0
-122 -42 0
-145 -49 0
-168 -56 0
-30 -13 0
-53 -19 0
-76 -25 0
-99 -31 0
-122 -37 0
-145 -43 0
-168 -49 0
-30 -9 0
-53 -11 0
-76 -13 0
-99 -15 0
-122 -17 0
-145 -19 0
-168 -21 0
-29 -28 0
-51 -49 0
-73 -70 0
-95 -91 0
-117 -112 0
-139 -133 0
-161 -154 0
-29 -27 0
-51 -47 0
-73 -67 0
-95 -87 0
-117 -107 0
-139 -127 0
-161 -147 0
-29 -21 0
-51 -35 0
-73 -49 0
-95 -63 0
-117 -77 0
-139 -91 0
-161 -105 0
-29 -20 0
-51 -33 0
-73 -46 0
-95 -59 0
-117 -72 0
-139 -85 0
-161 -98 0
-29 -18 0
-51 -29 0
-73 -40 0
-95 -51 0
-117 -62 0
-139 -73 0
-161 -84 0
-29 -17 0
-51 -27 0
-73 -37 0
-95 -47 0
-117 -57 0
-139 -67 0
-161 -77 0
-29 -16 0
-51 -25 0
-73 -34 0
-95 -43 0
-117 -52 0
-139 -61 0
-161 -70 0
-29 -8 0
-51 -9 0
-73 -10 0
-95 -11 0
-117 -12 0
-139 -13 0
-161 -14 0
-29 -7 0
-51 -7 0
-73 -7 0
-95 -7 0
-117 -7 0
-139 -7 0
-161 -7 0
-28 -27 0
-49 -47 0
-70 -67 0
-91 -87 0
-112 -107 0
-133 -127 0
-154 -147 0
-28 -25 0
-49 -43 0
-70 -61 0
-91 -79 0
-112 -97 0
-133 -115 0
-154 -133 0
-28 -24 0
-49 -41 0
-70 -58 0
-91 -75 0
-112 -92 0
-133 -109 0
-154 -126 0
-28 -23 0
-49 -39 0
-70 -55 0
-91 -71 0
-112 -87 0
-133 -103 0
-154 -119 0
-28 -22 0
-49 -37 0
-70 -52 0
-91 -67 0
-112 -82 0
-133 -97 0
-154 -112 0
-28 -19 0
-49 -31 0
-70 -43 0
-91 -55 0
-112 -67 0
-133 -79 0
-154 -91 0
-28 -18 0
-49 -29 0
-70 -40 0
-91 -51 0
-112 -62 0
-133 -73 0
-154 -84 0
-28 -17 0
-49 -27 0
-70 -37 0
-91 -47 0
-112 -57 0
-133 -67 0
-154 -77 0
-28 -15 0
-49 -23 0
-70 -31 0
-91 -39 0
-112 -47 0
-133 -55 0
-154 -63 0
-28 -11 0
-49 -15 0
-70 -19 0
-91 -23 0
-112 -27 0
-133 -31 0
-154 -35 0
-28 -10 0
-49 -13 0
-70 -16 0
-91 -19 0
-112 -22 0
-133 -25 0
-154 -28 0
-28 -8 0
-49 -9 0
-70 -10 0
-91 -11 0
-112 -12 0
-133 -13 0
-154 -14 0
-28 -7 0
-49 -7 0
-70 -7 0
-91 -7 0
-112 -7 0
-133 -7 0
-154 -7 0
-27 -18 0
-47 -29 0
-67 -40 0
-87 -51 0
-107 -62 0
-127 -73 0
-147 -84 0
-27 -16 0
-47 -25 0
-67 -34 0
-87 -43 0
-107 -52 0
-127 -61 0
-147 -70 0
-27 -8 0
-47 -9 0
-67 -10 0
-87 -11 0
-107 -12 0
-127 -13 0
-147 -14 0
-27 -7 0
-47 -7 0
-67 -7 0
-87 -7 0
-107 -7 0
-127 -7 0
-147 -7 0
-26 -24 0
-45 -41 0
-64 -58 0
-83 -75 0
-102 -92 0
-121 -109 0
-140 -126 0
-26 -23 0
-45 -39 0
-64 -55 0
-83 -71 0
-102 -87 0
-121 -103 0
-140 -119 0
-26 -20 0
-45 -33 0
-64 -46 0
-83 -59 0
-102 -72 0
-121 -85 0
-140 -98 0
-26 -19 0
-45 -31 0
-64 -43 0
-83 -55 0
-102 -67 0
-121 -79 0
-140 -91 0
-26 -15 0
-45 -23 0
-64 -31 0
-83 -39 0
-102 -47 0
-121 -55 0
-140 -63 0
-26 -13 0
-45 -19 0
-64 -25 0
-83 -31 0
-102 -37 0
-121 -43 0
-140 -49 0
-26 -7 0
-45 -7 0
-64 -7 0
-83 -7 0
-102 -7 0
-121 -7 0
-140 -7 0
-25 -24 0
-43 -41 0
-61 -58 0
-79 -75 0
-97 -92 0
-115 -109 0
-133 -126 0
-25 -22 0
-43 -37 0
-61 -52 0
-79 -67 0
-97 -82 0
-115 -97 0
-133 -112 0
-25 -21 0
-43 -35 0
-61 -49 0
-79 -63 0
-97 -77 0
-115 -91 0
-133 -105 0
-25 -19 0
-43 -31 0
-61 -43 0
-79 -55 0
-97 -67 0
-115 -79 0
-133 -91 0
-25 -18 0
-43 -29 0
-61 -40 0
-79 -51 0
-97 -62 0
-115 -73 0
-133 -84 0
-25 -17 0
-43 -27 0
-61 -37 0
-79 -47 0
-97 -57 0
-115 -67 0
-133 -77 0
-25 -11 0
-43 -15 0
-61 -19 0
-79 -23 0
-97 -27 0
-115 -31 0
-133 -35 0
-25 -10 0
-43 -13 0
-61 -16 0
-79 -19 0
-97 -22 0
-115 -25 0
-133 -28 0
-24 -23 0
-41 -39 0
-58 -55 0
-75 -71 0
-92 -87 0
-109 -103 0
-126 -119 0
-24 -22 0
-41 -37 0
-58 -52 0
-75 -67 0
-92 -82 0
-109 -97 0
-126 -112 0
-24 -21 0
-41 -35 0
-58 -49 0
-75 -63 0
-92 -77 0
-109 -91 0
-126 -105 0
-24 -18 0
-41 -29 0
-58 -40 0
-75 -51 0
-92 -62 0
-109 -73 0
-126 -84 0
-24 -17 0
-41 -27 0
-58 -37 0
-75 -47 0
-92 -57 0
-109 -67 0
-126 -77 0
-24 -16 0
-41 -25 0
-58 -34 0
-75 -43 0
-92 -52 0
-109 -61 0
-126 -70 0
-24 -15 0
-41 -23 0
-58 -31 0
-75 -39 0
-92 -47 0
-109 -55 0
-126 -63 0
-24 -13 0
-41 -19 0
-58 -25 0
-75 -31 0
-92 -37 0
-109 -43 0
-126 -49 0
-24 -7 0
-41 -7 0
-58 -7 0
-75 -7 0
-92 -7 0
-109 -7 0
-126 -7 0
-23 -22 0
-39 -37 0
-55 -52 0
-71 -67 0
-87 -82 0
-103 -97 0
-119 -112 0
-23 -18 0
-39 -29 0
-55 -40 0
-71 -51 0
-87 -62 0
-103 -73 0
-119 -84 0
-23 -15 0
-39 -23 0
-55 -31 0
-71 -39 0
-87 -47 0
-103 -55 0
-119 -63 0
-23 -14 0
-39 -21 0
-55 -28 0
-71 -35 0
-87 -42 0
-103 -49 0
-119 -56 0
-23 -13 0
-39 -19 0
-55 -25 0
-71 -31 0
-87 -37 0
-103 -43 0
-119 -49 0
-23 -12 0
-39 -17 0
-55 -22 0
-71 -27 0
-87 -32 0
-103 -37 0
-119 -42 0
-23 -11 0
-39 -15 0
-55 -19 0
-71 -23 0
-87 -27 0
-103 -31 0
-119 -35 0
-23 -7 0
-39 -7 0
-55 -7 0
-71 -7 0
-87 -7 0
-103 -7 0
-119 -7 0
-22 -21 0
-37 -35 0
-52 -49 0
-67 -63 0
-82 -77 0
-97 -91 0
-112 -105 0
-22 -20 0
-37 -33 0
-52 -46 0
-67 -59 0
-82 -72 0
-97 -85 0
-112 -98 0
-22 -18 0
-37 -29 0
-52 -40 0
-67 -51 0
-82 -62 0
-97 -73 0
-112 -84 0
-22 -15 0
-37 -23 0
-52 -31 0
-67 -39 0
-82 -47 0
-97 -55 0
-112 -63 0
-22 -9 0
-37 -11 0
-52 -13 0
-67 -15 0
-82 -17 0
-97 -19 0
-112 -21 0
-22 -7 0
-37 -7 0
-52 -7 0
-67 -7 0
-82 -7 0
-97 -7 0
-112 -7 0
-21 -19 0
-35 -31 0
-49 -43 0
-63 -55 0
-77 -67 0
-91 -79 0
-105 -91 0
-21 -18 0
-35 -29 0
-49 -40 0
-63 -51 0
-77 -62 0
-91 -73 0
-105 -84 0
-21 -17 0
-35 -27 0
-49 -37 0
-63 -47 0
-77 -57 0
-91 -67 0
-105 -77 0
-21 -16 0
-35 -25 0
-49 -34 0
-63 -43 0
-77 -52 0
-91 -61 0
-105 -70 0
-21 -12 0
-35 -17 0
-49 -22 0
-63 -27 0
-77 -32 0
-91 -37 0
-105 -42 0
-21 -11 0
-35 -15 0
-49 -19 0
-63 -23 0
-77 -27 0
-91 -31 0
-105 -35 0
-21 -10 0
-35 -13 0
-49 -16 0
-63 -19 0
-77 -22 0
-91 -25 0
-105 -28 0
-21 -8 0
-35 -9 0
-49 -10 0
-63 -11 0
-77 -12 0
-91 -13 0
-105 -14 0
-21 -7 0
-35 -7 0
-49 -7 0
-63 -7 0
-77 -7 0
-91 -7 0
-105 -7 0
-20 -18 0
-33 -29 0
-46 -40 0
-59 -51 0
-72 -62 0
-85 -73 0
-98 -84 0
-20 -14 0
-33 -21 0
-46 -28 0
-59 -35 0
-72 -42 0
-85 -49 0
-98 -56 0
-20 -13 0
-33 -19 0
-46 -25 0
-59 -31 0
-72 -37 0
-85 -43 0
-98 -49 0
-20 -12 0
-33 -17 0
-46 -22 0
-59 -27 0
-72 -32 0
-85 -37 0
-98 -42 0
-20 -9 0
-33 -11 0
-46 -13 0
-59 -15 0
-72 -17 0
-85 -19 0
-98 -21 0
-19 -17 0
-31 -27 0
-43 -37 0
-55 -47 0
-67 -57 0
-79 -67 0
-91 -77 0
-19 -16 0
-31 -25 0
-43 -34 0
-55 -43 0
-67 -52 0
-79 -61 0
-91 -70 0
-19 -15 0
-31 -23 0
-43 -31 0
-55 -39 0
-67 -47 0
-79 -55 0
-91 -63 0
-19 -14 0
-31 -21 0
-43 -28 0
-55 -35 0
-67 -42 0
-79 -49 0
-91 -56 0
-19 -12 0
-31 -17 0
-43 -22 0
-55 -27 0
-67 -32 0
-79 -37 0
-91 -42 0
-19 -11 0
-31 -15 0
-43 -19 0
-55 -23 0
-67 -27 0
-79 -31 0
-91 -35 0
-19 -10 0
-31 -13 0
-43 -16 0
-55 -19 0
-67 -22 0
-79 -25 0
-91 -28 0
-19 -7 0
-31 -7 0
-43 -7 0
-55 -7 0
-67 -7 0
-79 -7 0
-91 -7 0
-18 -9 0
-29 -11 0
-40 -13 0
-51 -15 0
-62 -17 0
-73 -19 0
-84 -21 0
-18 -7 0
-29 -7 0
-40 -7 0
-51 -7 0
-62 -7 0
-73 -7 0
-84 -7 0
-17 -16 0
-27 -25 0
-37 -34 0
-47 -43 0
-57 -52 0
-67 -61 0
-77 -70 0
-17 -11 0
-27 -15 0
-37 -19 0
-47 -23 0
-57 -27 0
-67 -31 0
-77 -35 0
-17 -10 0
-27 -13 0
-37 -16 0
-47 -19 0
-57 -22 0
-67 -25 0
-77 -28 0
-17 -7 0
-27 -7 0
-37 -7 0
-47 -7 0
-57 -7 0
-67 -7 0
-77 -7 0
-16 -14 0
-25 -21 0
-34 -28 0
-43 -35 0
-52 -42 0
-61 -49 0
-70 -56 0
-16 -11 0
-25 -15 0
-34 -19 0
-43 -23 0
-52 -27 0
-61 -31 0
-70 -35 0
-16 -10 0
-25 -13 0
-34 -16 0
-43 -19 0
-52 -22 0
-61 -25 0
-70 -28 0
-16 -8 0
-25 -9 0
-34 -10 0
-43 -11 0
-52 -12 0
-61 -13 0
-70 -14 0
-15 -14 0
-23 -21 0
-31 -28 0
-39 -35 0
-47 -42 0
-55 -49 0
-63 -56 0
-15 -13 0
-23 -19 0
-31 -25 0
-39 -31 0
-47 -37 0
-55 -43 0
-63 -49 0
-15 -12 0
-23 -17 0
-31 -22 0
-39 -27 0
-47 -32 0
-55 -37 0
-63 -42 0
-15 -11 0
-23 -15 0
-31 -19 0
-39 -23 0
-47 -27 0
-55 -31 0
-63 -35 0
-15 -9 0
-23 -11 0
-31 -13 0
-39 -15 0
-47 -17 0
-55 -19 0
-63 -21 0
-15 -7 0
-23 -7 0
-31 -7 0
-39 -7 0
-47 -7 0
-55 -7 0
-63 -7 0
-14 -13 0
-21 -19 0
-28 -25 0
-35 -31 0
-42 -37 0
-49 -43 0
-56 -49 0
-14 -12 0
-21 -17 0
-28 -22 0
-35 -27 0
-42 -32 0
-49 -37 0
-56 -42 0
-14 -9 0
-21 -11 0
-28 -13 0
-35 -15 0
-42 -17 0
-49 -19 0
-56 -21 0
-14 -8 0
-21 -9 0
-28 -10 0
-35 -11 0
-42 -12 0
-49 -13 0
-56 -14 0
-13 -9 0
-19 -11 0
-25 -13 0
-31 -15 0
-37 -17 0
-43 -19 0
-49 -21 0
-12 -11 0
-17 -15 0
-22 -19 0
-27 -23 0
-32 -27 0
-37 -31 0
-42 -35 0
-12 -10 0
-17 -13 0
-22 -16 0
-27 -19 0
-32 -22 0
-37 -25 0
-42 -28 0
-12 -9 0
-17 -11 0
-22 -13 0
-27 -15 0
-32 -17 0
-37 -19 0
-42 -21 0
-12 -8 0
-17 -9 0
-22 -10 0
-27 -11 0
-32 -12 0
-37 -13 0
-42 -14 0
-11 -9 0
-15 -11 0
-19 -13 0
-23 -15 0
-27 -17 0
-31 -19 0
-35 -21 0
-11 -8 0
-15 -9 0
-19 -10 0
-23 -11 0
-27 -12 0
-31 -13 0
-35 -14 0
-10 -9 0
-13 -11 0
-16 -13 0
-19 -15 0
-22 -17 0
-25 -19 0
-28 -21 0
-10 -8 0
-13 -9 0
-16 -10 0
-19 -11 0
-22 -12 0
-25 -13 0
-28 -14 0
-9 -8 0
-11 -9 0
-13 -10 0
-15 -11 0
-17 -12 0
-19 -13 0
-21 -14 0
56 105 154 203 252 301 350 0
-56 -105 0
-56 -154 0
-56 -203 0
-56 -252 0
-56 -301 0
-56 -350 0
-105 -154 0
-105 -203 0
-105 -252 0
-105 -301 0
-105 -350 0
-154 -203 0
-154 -252 0
-154 -301 0
-154 -350 0
-203 -252 0
-203 -301 0
-203 -350 0
-252 -301 0
-252 -350 0
-301 -350 0
55 103 151 199 247 295 343 0
-55 -103 0
-55 -151 0
-55 -199 0
-55 -247 0
-55 -295 0
-55 -343 0
-103 -151 0
-103 -199 0
-103 -247 0
-103 -295 0
-103 -343 0
-151 -199 0
-151 -247 0
-151 -295 0
-151 -343 0
-199 -247 0
-199 -295 0
-199 -343 0
-247 -295 0
-247 -343 0
-295 -343 0
54 101 148 195 242 289 336 0
-54 -101 0
-54 -148 0
-54 -195 0
-54 -242 0
-54 -289 0
-54 -336 0
-101 -148 0
-101 -195 0
-101 -242 0
-101 -289 0
-101 -336 0
-148 -195 0
-148 -242 0
-148 -289 0
-148 -336 0
-195 -242 0
-195 -289 0
-195 -336 0
-242 -289 0
-242 -336 0
-289 -336 0
53 99 145 191 237 283 329 0
-53 -99 0
-53 -145 0
-53 -191 0
-53 -237 0
-53 -283 0
-53 -329 0
-99 -145 0
-99 -191 0
-99 -237 0
-99 -283 0
-99 -329 0
-145 -191 0
-145 -237 0
-145 -283 0
-145 -329 0
-191 -237 0
-191 -283 0
-191 -329 0
-237 -283 0
-237 -329 0
-283 -329 0
52 97 142 187 232 277 322 0
-52 -97 0
-52 -142 0
-52 -187 0
-52 -232 0
-52 -277 0
-52 -322 0
-97 -142 0
-97 -187 0
-97 -232 0
-97 -277 0
-97 -322 0
-142 -187 0
-142 -232 0
-142 -277 0
-142 -322 0
-187 -232 0
-187 -277 0
-187 -322 0
-232 -277 0
-232 -322 0
-277 -322 0
51 95 139 183 227 271 315 0
-51 -95 0
-51 -139 0
-51 -183 0
-51 -227 0
-51 -271 0
-51 -315 0
-95 -139 0
-95 -183 0
-95 -227 0
-95 -271 0
-95 -315 0
-139 -183 0
-139 -227 0
-139 -271 0
-139 -315 0
-183 -227 0
-183 -271 0
-183 -315 0
-227 -271 0
-227 -315 0
-271 -315 0
50 93 136 179 222 265 308 0
-50 -93 0
-50 -136 0
-50 -179 0
-50 -222 0
-50 -265 0
-50 -308 0
-93 -136 0
-93 -179 0
-93 -222 0
-93 -265 0
-93 -308 0
-136 -179 0
-136 -222 0
-136 -265 0
-136 -308 0
-179 -222 0
-179 -265 0
-179 -308 0
-222 -265 0
-222 -308 0
-265 -308 0
49 91 133 175 217 259 301 0
-49 -91 0
-49 -133 0
-49 -175 0
-49 -217 0
-49 -259 0
-49 -301 0
-91 -133 0
-91 -175 0
-91 -217 0
-91 -259 0
-91 -301 0
-133 -175 0
-133 -217 0
-133 -259 0
-133 -301 0
-175 -217 0
-175 -259 0
-175 -301 0
-217 -259 0
-217 -301 0
-259 -301 0
48 89 130 171 212 253 294 0
-48 -89 0
-48 -130 0
-48 -171 0
-48 -212 0
-48 -253 0
-48 -294 0
-89 -130 0
-89 -171 0
-89 -212 0
-89 -253 0
-89 -294 0
-130 -171 0
-130 -212 0
-130 -253 0
-130 -294 0
-171 -212 0
-171 -253 0
-171 -294 0
-212 -253 0
-212 -294 0
-253 -294 0
47 87 127 167 207 247 287 0
-47 -87 0
-47 -127 0
-47 -167 0
-47 -207 0
-47 -247 0
-47 -287 0
-87 -127 0
-87 -167 0
-87 -207 0
-87 -247 0
-87 -287 0
-127 -167 0
-127 -207 0
-127 -247 0
-127 -287 0
-167 -207 0
-167 -247 0
-167 -287 0
-207 -247 0
-207 -287 0
-247 -287 0
46 85 124 163 202 241 280 0
-46 -85 0
-46 -124 0
-46 -163 0
-46 -202 0
-46 -241 0
-46 -280 0
-85 -124 0
-85 -163 0
-85 -202 0
-85 -241 0
-85 -280 0
-124 -163 0
-124 -202 0
-124 -241 0
-124 -280 0
-163 -202 0
-163 -241 0
-163 -280 0
-202 -241 0
-202 -280 0
-241 -280 0
45 83 121 159 197 235 273 0
-45 -83 0
-45 -121 0
-45 -159 0
-45 -197 0
-45 -235 0
-45 -273 0
-83 -121 0
-83 -159 0
-83 -197 0
-83 -235 0
-83 -273 0
-121 -159 0
-121 -197 0
-121 -235 0
-121 -273 0
-159 -197 0
-159 -235 0
-159 -273 0
-197 -235 0
-197 -273 0
-235 -273 0
44 81 118 155 192 229 266 0
-44 -81 0
-44 -118 0
-44 -155 0
-44 -192 0
-44 -229 0
-44 -266 0
-81 -118 0
-81 -155 0
-81 -192 0
-81 -229 0
-81 -266 0
-118 -155 0
-118 -192 0
-118 -229 0
-118 -266 0
-155 -192 0
-155 -229 0
-155 -266 0
-192 -229 0
-192 -266 0
-229 -266 0
43 79 115 151 187 223 259 0
-43 -79 0
-43 -115 0
-43 -151 0
-43 -187 0
-43 -223 0
-43 -259 0
-79 -115 0
-79 -151 0
-79 -187 0
-79 -223 0
-79 -259 0
-115 -151 0
-115 -187 0
-115 -223 0
-115 -259 0
-151 -187 0
-151 -223 0
-151 -259 0
-187 -223 0
-187 -259 0
-223 -259 0
42 77 112 147 182 217 252 0
-42 -77 0
-42 -112 0
-42 -147 0
-42 -182 0
-42 -217 0
-42 -252 0
-77 -112 0
-77 -147 0
-77 -182 0
-77 -217 0
-77 -252 0
-112 -147 0
-112 -182 0
-112 -217 0
-112 -252 0
-147 -182 0
-147 -217 0
-147 -252 0
-182 -217 0
-182 -252 0
-217 -252 0
41 75 109 143 177 211 245 0
-41 -75 0
-41 -109 0
-41 -143 0
-41 -177 0
-41 -211 0
-41 -245 0
-75 -109 0
-75 -143 0
-75 -177 0
-75 -211 0
-75 -245 0
-109 -143 0
-109 -177 0
-109 -211 0
-109 -245 0
-143 -177 0
-143 -211 0
-143 -245 0
-177 -211 0
-177 -245 0
-211 -245 0
40 73 106 139 172 205 238 0
-40 -73 0
-40 -106 0
-40 -139 0
-40 -172 0
-40 -205 0
-40 -238 0
-73 -106 0
-73 -139 0
-73 -172 0
-73 -205 0
-73 -238 0
-106 -139 0
-106 -172 0
-106 -205 0
-106 -238 0
-139 -172 0
-139 -205 0
-139 -238 0
-172 -205 0
-172 -238 0
-205 -238 0
39 71 103 135 167 199 231 0
-39 -71 0
-39 -103 0
-39 -135 0
-39 -167 0
-39 -199 0
-39 -231 0
-71 -103 0
-71 -135 0
-71 -167 0
-71 -199 0
-71 -231 0
-103 -135 0
-103 -167 0
-103 -199 0
-103 -231 0
-135 -167 0
-135 -199 0
-135 -231 0
-167 -199 0
-167 -231 0
-199 -231 0
38 69 100 131 162 193 224 0
-38 -69 0
-38 -100 0
-38 -131 0
-38 -162 0
-38 -193 0
-38 -224 0
-69 -100 0
-69 -131 0
-69 -162 0
-69 -193 0
-69 -224 0
-100 -131 0
-100 -162 0
-100 -193 0
-100 -224 0
-131 -162 0
-131 -193 0
-131 -224 0
-162 -193 0
-162 -224 0
-193 -224 0
37 67 97 127 157 187 217 0
-37 -67 0
-37 -97 0
-37 -127 0
-37 -157 0
-37 -187 0
-37 -217 0
-67 -97 0
-67 -127 0
-67 -157 0
-67 -187 0
-67 -217 0
-97 -127 0
-97 -157 0
-97 -187 0
-97 -217 0
-127 -157 0
-127 -187 0
-127 -217 0
-157 -187 0
-157 -217 0
-187 -217 0
36 65 94 123 152 181 210 0
-36 -65 0
-36 -94 0
-36 -123 0
-36 -152 0
-36 -181 0
-36 -210 0
-65 -94 0
-65 -123 0
-65 -152 0
-65 -181 0
-65 -210 0
-94 -123 0
-94 -152 0
-94 -181 0
-94 -210 0
-123 -152 0
-123 -181 0
-123 -210 0
-152 -181 0
-152 -210 0
-181 -210 0
35 63 91 119 147 175 203 0
-35 -63 0
-35 -91 0
-35 -119 0
-35 -147 0
-35 -175 0
-35 -203 0
-63 -91 0
-63 -119 0
-63 -147 0
-63 -175 0
-63 -203 0
-91 -119 0
-91 -147 0
-91 -175 0
-91 -203 0
-119 -147 0
-119 -175 0
-119 -203 0
-147 -175 0
-147 -203 0
-175 -203 0
34 61 88 115 142 169 196 0
-34 -61 0
-34 -88 0
-34 -115 0
-34 -142 0
-34 -169 0
-34 -196 0
-61 -88 0
-61 -115 0
-61 -142 0
-61 -169 0
-61 -196 0
-88 -115 0
-88 -142 0
-88 -169 0
-88 -196 0
-115 -142 0
-115 -169 0
-115 -196 0
-142 -169 0
-142 -196 0
-169 -196 0
33 59 85 111 137 163 189 0
-33 -59 0
-33 -85 0
-33 -111 0
-33 -137 0
-33 -163 0
-33 -189 0
-59 -85 0
-59 -111 0
-59 -137 0
-59 -163 0
-59 -189 0
-85 -111 0
-85 -137 0
-85 -163 0
-85 -189 0
-111 -137 0
-111 -163 0
-111 -189 0
-137 -163 0
-137 -189 0
-163 -189 0
32 57 82 107 132 157 182 0
-32 -57 0
-32 -82 0
-32 -107 0
-32 -132 0
-32 -157 0
-32 -182 0
-57 -82 0
-57 -107 0
-57 -132 0
-57 -157 0
-57 -182 0
-82 -107 0
-82 -132 0
-82 -157 0
-82 -182 0
-107 -132 0
-107 -157 0
-107 -182 0
-132 -157 0
-132 -182 0
-157 -182 0
31 55 79 103 127 151 175 0
-31 -55 0
-31 -79 0
-31 -103 0
-31 -127 0
-31 -151 0
-31 -175 0
-55 -79 0
-55 -103 0
-55 -127 0
-55 -151 0
-55 -175 0
-79 -103 0
-79 -127 0
-79 -151 0
-79 -175 0
-103 -127 0
-103 -151 0
-103 -175 0
-127 -151 0
-127 -175 0
-151 -175 0
30 53 76 99 122 145 168 0
-30 -53 0
-30 -76 0
-30 -99 0
-30 -122 0
-30 -145 0
-30 -168 0
-53 -76 0
-53 -99 0
-53 -122 0
-53 -145 0
-53 -168 0
-76 -99 0
-76 -122 0
-76 -145 0
-76 -168 0
-99 -122 0
-99 -145 0
-99 -168 0
-122 -145 0
-122 -168 0
-145 -168 0
29 51 73 95 117 139 161 0
-29 -51 0
-29 -73 0
-29 -95 0
-29 -117 0
-29 -139 0
-29 -161 0
-51 -73 0
-51 -95 0
-51 -117 0
-51 -139 0
-51 -161 0
-73 -95 0
-73 -117 0
-73 -139 0
-73 -161 0
-95 -117 0
-95 -139 0
-95 -161 0
-117 -139 0
-117 -161 0
-139 -161 0
28 49 70 91 112 133 154 0
-28 -49 0
-28 -70 0
-28 -91 0
-28 -112 0
-28 -133 0
-28 -154 0
-49 -70 0
-49 -91 0
-49 -112 0
-49 -133 0
-49 -154 0
-70 -91 0
-70 -112 0
-70 -133 0
-70 -154 0
-91 -112 0
-91 -133 0
-91 -154 0
-112 -133 0
-112 -154 0
-133 -154 0
27 47 67 87 107 127 147 0
-27 -47 0
-27 -67 0
-27 -87 0
-27 -107 0
-27 -127 0
-27 -147 0
-47 -67 0
-47 -87 0
-47 -107 0
-47 -127 0
-47 -147 0
-67 -87 0
-67 -107 0
-67 -127 0
-67 -147 0
-87 -107 0
-87 -127 0
-87 -147 0
-107 -127 0
-107 -147 0
-127 -147 0
26 45 64 83 102 121 140 0
-26 -45 0
-26 -64 0
-26 -83 0
-26 -102 0
-26 -121 0
-26 -140 0
-45 -64 0
-45 -83 0
-45 -102 0
-45 -121 0
-45 -140 0
-64 -83 0
-64 -102 0
-64 -121 0
-64 -140 0
-83 -102 0
-83 -121 0
-83 -140 0
-102 -121 0
-102 -140 0
-121 -140 0
25 43 61 79 97 115 133 0
-25 -43 0
-25 -61 0
-25 -79 0
-25 -97 0
-25 -115 0
-25 -133 0
-43 -61 0
-43 -79 0
-43 -97 0
-43 -115 0
-43 -133 0
-61 -79 0
-61 -97 0
-61 -115 0
-61 -133 0
-79 -97 0
-79 -115 0
-79 -133 0
-97 -115 0
-97 -133 0
-115 -133 0
24 41 58 75 92 109 126 0
-24 -41 0
-24 -58 0
-24 -75 0
-24 -92 0
-24 -109 0
-24 -126 0
-41 -58 0
-41 -75 0
-41 -92 0
-41 -109 0
-41 -126 0
-58 -75 0
-58 -92 0
-58 -109 0
-58 -126 0
-75 -92 0
-75 -109 0
-75 -126 0
-92 -109 0
-92 -126 0
-109 -126 0
23 39 55 71 87 103 119 0
-23 -39 0
-23 -55 0
-23 -71 0
-23 -87 0
-23 -103 0
-23 -119 0
-39 -55 0
-39 -71 0
-39 -87 0
-39 -103 0
-39 -119 0
-55 -71 0
-55 -87 0
-55 -103 0
-55 -119 0
-71 -87 0
-71 -103 0
-71 -119 0
-87 -103 0
-87 -119 0
-103 -119 0
22 37 52 67 82 97 112 0
-22 -37 0
-22 -52 0
-22 -67 0
-22 -82 0
-22 -97 0
-22 -112 0
-37 -52 0
-37 -67 0
-37 -82 0
-37 -97 0
-37 -112 0
-52 -67 0
-52 -82 0
-52 -97 0
-52 -112 0
-67 -82 0
-67 -97 0
-67 -112 0
-82 -97 0
-82 -112 0
-97 -112 0
21 35 49 63 77 91 105 0
-21 -35 0
-21 -49 0
-21 -63 0
-21 -77 0
-21 -91 0
-21 -105 0
-35 -49 0
-35 -63 0
-35 -77 0
-35 -91 0
-35 -105 0
-49 -63 0
-49 -77 0
-49 -91 0
-49 -105 0
-63 -77 0
-63 -91 0
-63 -105 0
-77 -91 0
-77 -105 0
-91 -105 0
20 33 46 59 72 85 98 0
-20 -33 0
-20 -46 0
-20 -59 0
-20 -72 0
-20 -85 0
-20 -98 0
-33 -46 0
-33 -59 0
-33 -72 0
-33 -85 0
-33 -98 0
-46 -59 0
-46 -72 0
-46 -85 0
-46 -98 0
-59 -72 0
-59 -85 0
-59 -98 0
-72 -85 0
-72 -98 0
-85 -98 0
19 31 43 55 67 79 91 0
-19 -31 0
-19 -43 0
-19 -55 0
-19 -67 0
-19 -79 0
-19 -91 0
-31 -43 0
-31 -55 0
-31 -67 0
-31 -79 0
-31 -91 0
-43 -55 0
-43 -67 0
-43 -79 0
-43 -91 0
-55 -67 0
-55 -79 0
-55 -91 0
-67 -79 0
-67 -91 0
-79 -91 0
18 29 40 51 62 73 84 0
-18 -29 0
-18 -40 0
-18 -51 0
-18 -62 0
-18 -73 0
-18 -84 0
-29 -40 0
-29 -51 0
-29 -62 0
-29 -73 0
-29 -84 0
-40 -51 0
-40 -62 0
-40 -73 0
-40 -84 0
-51 -62 0
-51 -73 0
-51 -84 0
-62 -73 0
-62 -84 0
-73 -84 0
17 27 37 47 57 67 77 0
-17 -27 0
-17 -37 0
-17 -47 0
-17 -57 0
-17 -67 0
-17 -77 0
-27 -37 0
-27 -47 0
-27 -57 0
-27 -67 0
-27 -77 0
-37 -47 0
-37 -57 0
-37 -67 0
-37 -77 0
-47 -57 0
-47 -67 0
-47 -77 0
-57 -67 0
-57 -77 0
-67 -77 0
16 25 34 43 52 61 70 0
-16 -25 0
-16 -34 0
-16 -43 0
-16 -52 0
-16 -61 0
-16 -70 0
-25 -34 0
-25 -43 0
-25 -52 0
-25 -61 0
-25 -70 0
-34 -43 0
-34 -52 0
-34 -61 0
-34 -70 0
-43 -52 0
-43 -61 0
-43 -70 0
-52 -61 0
-52 -70 0
-61 -70 0
15 23 31 39 47 55 63 0
-15 -23 0
-15 -31 0
-15 -39 0
-15 -47 0
-15 -55 0
-15 -63 0
-23 -31 0
-23 -39 0
-23 -47 0
-23 -55 0
-23 -63 0
-31 -39 0
-31 -47 0
-31 -55 0
-31 -63 0
-39 -47 0
-39 -55 0
-39 -63 0
-47 -55 0
-47 -63 0
-55 -63 0
14 21 28 35 42 49 56 0
-14 -21 0
-14 -28 0
-14 -35 0
-14 -42 0
-14 -49 0
-14 -56 0
-21 -28 0
-21 -35 0
-21 -42 0
-21 -49 0
-21 -56 0
-28 -35 0
-28 -42 0
-28 -49 0
-28 -56 0
-35 -42 0
-35 -49 0
-35 -56 0
-42 -49 0
-42 -56 0
-49 -56 0
13 19 25 31 37 43 49 0
-13 -19 0
-13 -25 0
-13 -31 0
-13 -37 0
-13 -43 0
-13 -49 0
-19 -25 0
-19 -31 0
-19 -37 0
-19 -43 0
-19 -49 0
-25 -31 0
-25 -37 0
-25 -43 0
-25 -49 0
-31 -37 0
-31 -43 0
-31 -49 0
-37 -43 0
-37 -49 0
-43 -49 0
12 17 22 27 32 37 42 0
-12 -17 0
-12 -22 0
-12 -27 0
-12 -32 0
-12 -37 0
-12 -42 0
-17 -22 0
-17 -27 0
-17 -32 0
-17 -37 0
-17 -42 0
-22 -27 0
-22 -32 0
-22 -37 0
-22 -42 0
-27 -32 0
-27 -37 0
-27 -42 0
-32 -37 0
-32 -42 0
-37 -42 0
11 15 19 23 27 31 35 0
-11 -15 0
-11 -19 0
-11 -23 0
-11 -27 0
-11 -31 0
-11 -35 0
-15 -19 0
-15 -23 0
-15 -27 0
-15 -31 0
-15 -35 0
-19 -23 0
-19 -27 0
-19 -31 0
-19 -35 0
-23 -27 0
-23 -31 0
-23 -35 0
-27 -31 0
-27 -35 0
-31 -35 0
10 13 16 19 22 25 28 0
-10 -13 0
-10 -16 0
-10 -19 0
-10 -22 0
-10 -25 0
-10 -28 0
-13 -16 0
-13 -19 0
-13 -22 0
-13 -25 0
-13 -28 0
-16 -19 0
-16 -22 0
-16 -25 0
-16 -28 0
-19 -22 0
-19 -25 0
-19 -28 0
-22 -25 0
-22 -28 0
-25 -28 0
9 11 13 15 17 19 21 0
-9 -11 0
-9 -13 0
-9 -15 0
-9 -17 0
-9 -19 0
-9 -21 0
-11 -13 0
-11 -15 0
-11 -17 0
-11 -19 0
-11 -21 0
-13 -15 0
-13 -17 0
-13 -19 0
-13 -21 0
-15 -17 0
-15 -19 0
-15 -21 0
-17 -19 0
-17 -21 0
-19 -21 0
8 9 10 11 12 13 14 0
-8 -9 0
-8 -10 0
-8 -11 0
-8 -12 0
-8 -13 0
-8 -14 0
-9 -10 0
-9 -11 0
-9 -12 0
-9 -13 0
-9 -14 0
-10 -11 0
-10 -12 0
-10 -13 0
-10 -14 0
-11 -12 0
-11 -13 0
-11 -14 0
-12 -13 0
-12 -14 0
-13 -14 0
7 7 7 7 7 7 7 0
-7 -7 0
-7 -7 0
-7 -7 0
-7 -7 0
-7 -7 0
-7 -7 0
-7 -7 0
-7 -7 0
-7 -7 0
-7 -7 0
-7 -7 0
-7 -7 0
-7 -7 0
-7 -7 0
-7 -7 0
-7 -7 0
-7 -7 0
-7 -7 0
-7 -7 0
-7 -7 0
-7 -7 0
