p cnf 400 5890
-57 -56 0
-106 -104 0
-155 -152 0
-204 -200 0
-253 -248 0
-302 -296 0
-351 -344 0
-400 -392 0
-57 -50 0
-106 -92 0
-155 -134 0
-204 -176 0
-253 -218 0
-302 -260 0
-351 -302 0
-400 -344 0
-57 -48 0
-106 -88 0
-155 -128 0
-204 -168 0
-253 -208 0
-302 -248 0
-351 -288 0
-400 -328 0
-57 -46 0
-106 -84 0
-155 -122 0
-204 -160 0
-253 -198 0
-302 -236 0
-351 -274 0
-400 -312 0
-57 -44 0
-106 -80 0
-155 -116 0
-204 -152 0
-253 -188 0
-302 -224 0
-351 -260 0
-400 -296 0
-57 -40 0
-106 -72 0
-155 -104 0
-204 -136 0
-253 -168 0
-302 -200 0
-351 -232 0
-400 -264 0
-57 -39 0
-106 -70 0
-155 -101 0
-204 -132 0
-253 -163 0
-302 -194 0
-351 -225 0
-400 -256 0
-57 -33 0
-106 -58 0
-155 -83 0
-204 -108 0
-253 -133 0
-302 -158 0
-351 -183 0
-400 -208 0
-57 -31 0
-106 -54 0
-155 -77 0
-204 -100 0
-253 -123 0
-302 -146 0
-351 -169 0
-400 -192 0
-57 -30 0
-106 -52 0
-155 -74 0
-204 -96 0
-253 -118 0
-302 -140 0
-351 -162 0
-400 -184 0
-57 -28 0
-106 -48 0
-155 -68 0
-204 -88 0
-253 -108 0
-302 -128 0
-351 -148 0
-400 -168 0
-57 -25 0
-106 -42 0
-155 -59 0
-204 -76 0
-253 -93 0
-302 -110 0
-351 -127 0
-400 -144 0
-57 -24 0
-106 -40 0
-155 -56 0
-204 -72 0
-253 -88 0
-302 -104 0
-351 -120 0
-400 -136 0
-57 -23 0
-106 -38 0
-155 -53 0
-204 -68 0
-253 -83 0
-302 -98 0
-351 -113 0
-400 -128 0
-57 -21 0
-106 -34 0
-155 -47 0
-204 -60 0
-253 -73 0
-302 -86 0
-351 -99 0
-400 -112 0
-57 -19 0
-106 -30 0
-155 -41 0
-204 -52 0
-253 -63 0
-302 -74 0
-351 -85 0
-400 -96 0
-57 -16 0
-106 -24 0
-155 -32 0
-204 -40 0
-253 -48 0
-302 -56 0
-351 -64 0
-400 -72 0
-57 -10 0
-106 -12 0
-155 -14 0
-204 -16 0
-253 -18 0
-302 -20 0
-351 -22 0
-400 -24 0
-56 -55 0
-104 -102 0
-152 -149 0
-200 -196 0
-248 -243 0
-296 -290 0
-344 -337 0
-392 -384 0
-56 -54 0
-104 -100 0
-152 -146 0
-200 -192 0
-248 -238 0
-296 -284 0
-344 -330 0
-392 -376 0
-56 -53 0
-104 -98 0
-152 -143 0
-200 -188 0
-248 -233 0
-296 -278 0
-344 -323 0
-392 -368 0
-56 -52 0
-104 -96 0
-152 -140 0
-200 -184 0
-248 -228 0
-296 -272 0
-344 -316 0
-392 -360 0
-56 -49 0
-104 -90 0
-152 -131 0
-200 -172 0
-248 -213 0
-296 -254 0
-344 -295 0
-392 -336 0
-56 -44 0
-104 -80 0
-152 -116 0
-200 -152 0
-248 -188 0
-296 -224 0
-344 -260 0
-392 -296 0
-56 -43 0
-104 -78 0
-152 -113 0
-200 -148 0
-248 -183 0
-296 -218 0
-344 -253 0
-392 -288 0
-56 -41 0
-104 -74 0
-152 -107 0
-200 -140 0
-248 -173 0
-296 -206 0
-344 -239 0
-392 -272 0
-56 -40 0
-104 -72 0
-152 -104 0
-200 -136 0
-248 -168 0
-296 -200 0
-344 -232 0
-392 -264 0
-56 -38 0
-104 -68 0
-152 -98 0
-200 -128 0
-248 -158 0
-296 -188 0
-344 -218 0
-392 -248 0
-56 -37 0
-104 -66 0
-152 -95 0
-200 -124 0
-248 -153 0
-296 -182 0
-344 -211 0
-392 -240 0
-56 -34 0
-104 -60 0
-152 -86 0
-200 -112 0
-248 -138 0
-296 -164 0
-344 -190 0
-392 -216 0
-56 -31 0
-104 -54 0
-152 -77 0
-200 -100 0
-248 -123 0
-296 -146 0
-344 -169 0
-392 -192 0
-56 -28 0
-104 -48 0
-152 -68 0
-200 -88 0
-248 -108 0
-296 -128 0
-344 -148 0
-392 -168 0
-56 -27 0
-104 -46 0
-152 -65 0
-200 -84 0
-248 -103 0
-296 -122 0
-344 -141 0
-392 -160 0
-56 -21 0
-104 -34 0
-152 -47 0
-200 -60 0
-248 -73 0
-296 -86 0
-344 -99 0
-392 -112 0
-56 -19 0
-104 -30 0
-152 -41 0
-200 -52 0
-248 -63 0
-296 -74 0
-344 -85 0
-392 -96 0
-56 -15 0
-104 -22 0
-152 -29 0
-200 -36 0
-248 -43 0
-296 -50 0
-344 -57 0
-392 -64 0
-56 -14 0
-104 -20 0
-152 -26 0
-200 -32 0
-248 -38 0
-296 -44 0
-344 -50 0
-392 -56 0
-56 -13 0
-104 -18 0
-152 -23 0
-200 -28 0
-248 -33 0
-296 -38 0
-344 -43 0
-392 -48 0
-56 -10 0
-104 -12 0
-152 -14 0
-200 -16 0
-248 -18 0
-296 -20 0
-344 -22 0
-392 -24 0
-55 -53 0
-102 -98 0
-149 -143 0
-196 -188 0
-243 -233 0
-290 -278 0
-337 -323 0
-384 -368 0
-55 -52 0
-102 -96 0
-149 -140 0
-196 -184 0
-243 -228 0
-290 -272 0
-337 -316 0
-384 -360 0
-55 -51 0
-102 -94 0
-149 -137 0
-196 -180 0
-243 -223 0
-290 -266 0
-337 -309 0
-384 -352 0
-55 -48 0
-102 -88 0
-149 -128 0
-196 -168 0
-243 -208 0
-290 -248 0
-337 -288 0
-384 -328 0
-55 -47 0
-102 -86 0
-149 -125 0
-196 -164 0
-243 -203 0
-290 -242 0
-337 -281 0
-384 -320 0
-55 -46 0
-102 -84 0
-149 -122 0
-196 -160 0
-243 -198 0
-290 -236 0
-337 -274 0
-384 -312 0
-55 -45 0
-102 -82 0
-149 -119 0
-196 -156 0
-243 -193 0
-290 -230 0
-337 -267 0
-384 -304 0
-55 -43 0
-102 -78 0
-149 -113 0
-196 -148 0
-243 -183 0
-290 -218 0
-337 -253 0
-384 -288 0
-55 -41 0
-102 -74 0
-149 -107 0
-196 -140 0
-243 -173 0
-290 -206 0
-337 -239 0
-384 -272 0
-55 -40 0
-102 -72 0
-149 -104 0
-196 -136 0
-243 -168 0
-290 -200 0
-337 -232 0
-384 -264 0
-55 -38 0
-102 -68 0
-149 -98 0
-196 -128 0
-243 -158 0
-290 -188 0
-337 -218 0
-384 -248 0
-55 -37 0
-102 -66 0
-149 -95 0
-196 -124 0
-243 -153 0
-290 -182 0
-337 -211 0
-384 -240 0
-55 -36 0
-102 -64 0
-149 -92 0
-196 -120 0
-243 -148 0
-290 -176 0
-337 -204 0
-384 -232 0
-55 -34 0
-102 -60 0
-149 -86 0
-196 -112 0
-243 -138 0
-290 -164 0
-337 -190 0
-384 -216 0
-55 -32 0
-102 -56 0
-149 -80 0
-196 -104 0
-243 -128 0
-290 -152 0
-337 -176 0
-384 -200 0
-55 -27 0
-102 -46 0
-149 -65 0
-196 -84 0
-243 -103 0
-290 -122 0
-337 -141 0
-384 -160 0
-55 -25 0
-102 -42 0
-149 -59 0
-196 -76 0
-243 -93 0
-290 -110 0
-337 -127 0
-384 -144 0
-55 -24 0
-102 -40 0
-149 -56 0
-196 -72 0
-243 -88 0
-290 -104 0
-337 -120 0
-384 -136 0
-55 -23 0
-102 -38 0
-149 -53 0
-196 -68 0
-243 -83 0
-290 -98 0
-337 -113 0
-384 -128 0
-55 -20 0
-102 -32 0
-149 -44 0
-196 -56 0
-243 -68 0
-290 -80 0
-337 -92 0
-384 -104 0
-55 -15 0
-102 -22 0
-149 -29 0
-196 -36 0
-243 -43 0
-290 -50 0
-337 -57 0
-384 -64 0
-55 -14 0
-102 -20 0
-149 -26 0
-196 -32 0
-243 -38 0
-290 -44 0
-337 -50 0
-384 -56 0
-55 -13 0
-102 -18 0
-149 -23 0
-196 -28 0
-243 -33 0
-290 -38 0
-337 -43 0
-384 -48 0
-55 -12 0
-102 -16 0
-149 -20 0
-196 -24 0
-243 -28 0
-290 -32 0
-337 -36 0
-384 -40 0
-55 -11 0
-102 -14 0
-149 -17 0
-196 -20 0
-243 -23 0
-290 -26 0
-337 -29 0
-384 -32 0
-55 -8 0
-102 -8 0
-149 -8 0
-196 -8 0
-243 -8 0
-290 -8 0
-337 -8 0
-384 -8 0
-54 -53 0
-100 -98 0
-146 -143 0
-192 -188 0
-238 -233 0
-284 -278 0
-330 -323 0
-376 -368 0
-54 -52 0
-100 -96 0
-146 -140 0
-192 -184 0
-238 -228 0
-284 -272 0
-330 -316 0
-376 -360 0
-54 -47 0
-100 -86 0
-146 -125 0
-192 -164 0
-238 -203 0
-284 -242 0
-330 -281 0
-376 -320 0
-54 -46 0
-100 -84 0
-146 -122 0
-192 -160 0
-238 -198 0
-284 -236 0
-330 -274 0
-376 -312 0
-54 -42 0
-100 -76 0
-146 -110 0
-192 -144 0
-238 -178 0
-284 -212 0
-330 -246 0
-376 -280 0
-54 -41 0
-100 -74 0
-146 -107 0
-192 -140 0
-238 -173 0
-284 -206 0
-330 -239 0
-376 -272 0
-54 -38 0
-100 -68 0
-146 -98 0
-192 -128 0
-238 -158 0
-284 -188 0
-330 -218 0
-376 -248 0
-54 -37 0
-100 -66 0
-146 -95 0
-192 -124 0
-238 -153 0
-284 -182 0
-330 -211 0
-376 -240 0
-54 -36 0
-100 -64 0
-146 -92 0
-192 -120 0
-238 -148 0
-284 -176 0
-330 -204 0
-376 -232 0
-54 -34 0
-100 -60 0
-146 -86 0
-192 -112 0
-238 -138 0
-284 -164 0
-330 -190 0
-376 -216 0
-54 -27 0
-100 -46 0
-146 -65 0
-192 -84 0
-238 -103 0
-284 -122 0
-330 -141 0
-376 -160 0
-54 -21 0
-100 -34 0
-146 -47 0
-192 -60 0
-238 -73 0
-284 -86 0
-330 -99 0
-376 -112 0
-54 -17 0
-100 -26 0
-146 -35 0
-192 -44 0
-238 -53 0
-284 -62 0
-330 -71 0
-376 -80 0
-54 -15 0
-100 -22 0
-146 -29 0
-192 -36 0
-238 -43 0
-284 -50 0
-330 -57 0
-376 -64 0
-54 -14 0
-100 -20 0
-146 -26 0
-192 -32 0
-238 -38 0
-284 -44 0
-330 -50 0
-376 -56 0
-54 -13 0
-100 -18 0
-146 -23 0
-192 -28 0
-238 -33 0
-284 -38 0
-330 -43 0
-376 -48 0
-54 -10 0
-100 -12 0
-146 -14 0
-192 -16 0
-238 -18 0
-284 -20 0
-330 -22 0
-376 -24 0
-53 -52 0
-98 -96 0
-143 -140 0
-188 -184 0
-233 -228 0
-278 -272 0
-323 -316 0
-368 -360 0
-53 -51 0
-98 -94 0
-143 -137 0
-188 -180 0
-233 -223 0
-278 -266 0
-323 -309 0
-368 -352 0
-53 -48 0
-98 -88 0
-143 -128 0
-188 -168 0
-233 -208 0
-278 -248 0
-323 -288 0
-368 -328 0
-53 -47 0
-98 -86 0
-143 -125 0
-188 -164 0
-233 -203 0
-278 -242 0
-323 -281 0
-368 -320 0
-53 -45 0
-98 -82 0
-143 -119 0
-188 -156 0
-233 -193 0
-278 -230 0
-323 -267 0
-368 -304 0
-53 -44 0
-98 -80 0
-143 -116 0
-188 -152 0
-233 -188 0
-278 -224 0
-323 -260 0
-368 -296 0
-53 -43 0
-98 -78 0
-143 -113 0
-188 -148 0
-233 -183 0
-278 -218 0
-323 -253 0
-368 -288 0
-53 -42 0
-98 -76 0
-143 -110 0
-188 -144 0
-233 -178 0
-278 -212 0
-323 -246 0
-368 -280 0
-53 -41 0
-98 -74 0
-143 -107 0
-188 -140 0
-233 -173 0
-278 -206 0
-323 -239 0
-368 -272 0
-53 -38 0
-98 -68 0
-143 -98 0
-188 -128 0
-233 -158 0
-278 -188 0
-323 -218 0
-368 -248 0
-53 -37 0
-98 -66 0
-143 -95 0
-188 -124 0
-233 -153 0
-278 -182 0
-323 -211 0
-368 -240 0
-53 -36 0
-98 -64 0
-143 -92 0
-188 -120 0
-233 -148 0
-278 -176 0
-323 -204 0
-368 -232 0
-53 -34 0
-98 -60 0
-143 -86 0
-188 -112 0
-233 -138 0
-278 -164 0
-323 -190 0
-368 -216 0
-53 -32 0
-98 -56 0
-143 -80 0
-188 -104 0
-233 -128 0
-278 -152 0
-323 -176 0
-368 -200 0
-53 -27 0
-98 -46 0
-143 -65 0
-188 -84 0
-233 -103 0
-278 -122 0
-323 -141 0
-368 -160 0
-53 -24 0
-98 -40 0
-143 -56 0
-188 -72 0
-233 -88 0
-278 -104 0
-323 -120 0
-368 -136 0
-53 -21 0
-98 -34 0
-143 -47 0
-188 -60 0
-233 -73 0
-278 -86 0
-323 -99 0
-368 -112 0
-53 -20 0
-98 -32 0
-143 -44 0
-188 -56 0
-233 -68 0
-278 -80 0
-323 -92 0
-368 -104 0
-53 -18 0
-98 -28 0
-143 -38 0
-188 -48 0
-233 -58 0
-278 -68 0
-323 -78 0
-368 -88 0
-53 -17 0
-98 -26 0
-143 -35 0
-188 -44 0
-233 -53 0
-278 -62 0
-323 -71 0
-368 -80 0
-53 -16 0
-98 -24 0
-143 -32 0
-188 -40 0
-233 -48 0
-278 -56 0
-323 -64 0
-368 -72 0
-53 -15 0
-98 -22 0
-143 -29 0
-188 -36 0
-233 -43 0
-278 -50 0
-323 -57 0
-368 -64 0
-53 -14 0
-98 -20 0
-143 -26 0
-188 -32 0
-233 -38 0
-278 -44 0
-323 -50 0
-368 -56 0
-53 -12 0
-98 -16 0
-143 -20 0
-188 -24 0
-233 -28 0
-278 -32 0
-323 -36 0
-368 -40 0
-52 -49 0
-96 -90 0
-140 -131 0
-184 -172 0
-228 -213 0
-272 -254 0
-316 -295 0
-360 -336 0
-52 -48 0
-96 -88 0
-140 -128 0
-184 -168 0
-228 -208 0
-272 -248 0
-316 -288 0
-360 -328 0
-52 -41 0
-96 -74 0
-140 -107 0
-184 -140 0
-228 -173 0
-272 -206 0
-316 -239 0
-360 -272 0
-52 -40 0
-96 -72 0
-140 -104 0
-184 -136 0
-228 -168 0
-272 -200 0
-316 -232 0
-360 -264 0
-52 -39 0
-96 -70 0
-140 -101 0
-184 -132 0
-228 -163 0
-272 -194 0
-316 -225 0
-360 -256 0
-52 -38 0
-96 -68 0
-140 -98 0
-184 -128 0
-228 -158 0
-272 -188 0
-316 -218 0
-360 -248 0
-52 -34 0
-96 -60 0
-140 -86 0
-184 -112 0
-228 -138 0
-272 -164 0
-316 -190 0
-360 -216 0
-52 -33 0
-96 -58 0
-140 -83 0
-184 -108 0
-228 -133 0
-272 -158 0
-316 -183 0
-360 -208 0
-52 -31 0
-96 -54 0
-140 -77 0
-184 -100 0
-228 -123 0
-272 -146 0
-316 -169 0
-360 -192 0
-52 -28 0
-96 -48 0
-140 -68 0
-184 -88 0
-228 -108 0
-272 -128 0
-316 -148 0
-360 -168 0
-52 -27 0
-96 -46 0
-140 -65 0
-184 -84 0
-228 -103 0
-272 -122 0
-316 -141 0
-360 -160 0
-52 -26 0
-96 -44 0
-140 -62 0
-184 -80 0
-228 -98 0
-272 -116 0
-316 -134 0
-360 -152 0
-52 -25 0
-96 -42 0
-140 -59 0
-184 -76 0
-228 -93 0
-272 -110 0
-316 -127 0
-360 -144 0
-52 -24 0
-96 -40 0
-140 -56 0
-184 -72 0
-228 -88 0
-272 -104 0
-316 -120 0
-360 -136 0
-52 -23 0
-96 -38 0
-140 -53 0
-184 -68 0
-228 -83 0
-272 -98 0
-316 -113 0
-360 -128 0
-52 -21 0
-96 -34 0
-140 -47 0
-184 -60 0
-228 -73 0
-272 -86 0
-316 -99 0
-360 -112 0
-52 -19 0
-96 -30 0
-140 -41 0
-184 -52 0
-228 -63 0
-272 -74 0
-316 -85 0
-360 -96 0
-52 -18 0
-96 -28 0
-140 -38 0
-184 -48 0
-228 -58 0
-272 -68 0
-316 -78 0
-360 -88 0
-52 -16 0
-96 -24 0
-140 -32 0
-184 -40 0
-228 -48 0
-272 -56 0
-316 -64 0
-360 -72 0
-52 -15 0
-96 -22 0
-140 -29 0
-184 -36 0
-228 -43 0
-272 -50 0
-316 -57 0
-360 -64 0
-52 -14 0
-96 -20 0
-140 -26 0
-184 -32 0
-228 -38 0
-272 -44 0
-316 -50 0
-360 -56 0
-52 -8 0
-96 -8 0
-140 -8 0
-184 -8 0
-228 -8 0
-272 -8 0
-316 -8 0
-360 -8 0
-51 -50 0
-94 -92 0
-137 -134 0
-180 -176 0
-223 -218 0
-266 -260 0
-309 -302 0
-352 -344 0
-51 -49 0
-94 -90 0
-137 -131 0
-180 -172 0
-223 -213 0
-266 -254 0
-309 -295 0
-352 -336 0
-51 -47 0
-94 -86 0
-137 -125 0
-180 -164 0
-223 -203 0
-266 -242 0
-309 -281 0
-352 -320 0
-51 -43 0
-94 -78 0
-137 -113 0
-180 -148 0
-223 -183 0
-266 -218 0
-309 -253 0
-352 -288 0
-51 -39 0
-94 -70 0
-137 -101 0
-180 -132 0
-223 -163 0
-266 -194 0
-309 -225 0
-352 -256 0
-51 -38 0
-94 -68 0
-137 -98 0
-180 -128 0
-223 -158 0
-266 -188 0
-309 -218 0
-352 -248 0
-51 -37 0
-94 -66 0
-137 -95 0
-180 -124 0
-223 -153 0
-266 -182 0
-309 -211 0
-352 -240 0
-51 -36 0
-94 -64 0
-137 -92 0
-180 -120 0
-223 -148 0
-266 -176 0
-309 -204 0
-352 -232 0
-51 -35 0
-94 -62 0
-137 -89 0
-180 -116 0
-223 -143 0
-266 -170 0
-309 -197 0
-352 -224 0
-51 -32 0
-94 -56 0
-137 -80 0
-180 -104 0
-223 -128 0
-266 -152 0
-309 -176 0
-352 -200 0
-51 -29 0
-94 -50 0
-137 -71 0
-180 -92 0
-223 -113 0
-266 -134 0
-309 -155 0
-352 -176 0
-51 -26 0
-94 -44 0
-137 -62 0
-180 -80 0
-223 -98 0
-266 -116 0
-309 -134 0
-352 -152 0
-51 -25 0
-94 -42 0
-137 -59 0
-180 -76 0
-223 -93 0
-266 -110 0
-309 -127 0
-352 -144 0
-51 -22 0
-94 -36 0
-137 -50 0
-180 -64 0
-223 -78 0
-266 -92 0
-309 -106 0
-352 -120 0
-51 -20 0
-94 -32 0
-137 -44 0
-180 -56 0
-223 -68 0
-266 -80 0
-309 -92 0
-352 -104 0
-51 -18 0
-94 -28 0
-137 -38 0
-180 -48 0
-223 -58 0
-266 -68 0
-309 -78 0
-352 -88 0
-51 -17 0
-94 -26 0
-137 -35 0
-180 -44 0
-223 -53 0
-266 -62 0
-309 -71 0
-352 -80 0
-51 -8 0
-94 -8 0
-137 -8 0
-180 -8 0
-223 -8 0
-266 -8 0
-309 -8 0
-352 -8 0
-50 -48 0
-92 -88 0
-134 -128 0
-176 -168 0
-218 -208 0
-260 -248 0
-302 -288 0
-344 -328 0
-50 -47 0
-92 -86 0
-134 -125 0
-176 -164 0
-218 -203 0
-260 -242 0
-302 -281 0
-344 -320 0
-50 -42 0
-92 -76 0
-134 -110 0
-176 -144 0
-218 -178 0
-260 -212 0
-302 -246 0
-344 -280 0
-50 -35 0
-92 -62 0
-134 -89 0
-176 -116 0
-218 -143 0
-260 -170 0
-302 -197 0
-344 -224 0
-50 -33 0
-92 -58 0
-134 -83 0
-176 -108 0
-218 -133 0
-260 -158 0
-302 -183 0
-344 -208 0
-50 -32 0
-92 -56 0
-134 -80 0
-176 -104 0
-218 -128 0
-260 -152 0
-302 -176 0
-344 -200 0
-50 -30 0
-92 -52 0
-134 -74 0
-176 -96 0
-218 -118 0
-260 -140 0
-302 -162 0
-344 -184 0
-50 -29 0
-92 -50 0
-134 -71 0
-176 -92 0
-218 -113 0
-260 -134 0
-302 -155 0
-344 -176 0
-50 -28 0
-92 -48 0
-134 -68 0
-176 -88 0
-218 -108 0
-260 -128 0
-302 -148 0
-344 -168 0
-50 -26 0
-92 -44 0
-134 -62 0
-176 -80 0
-218 -98 0
-260 -116 0
-302 -134 0
-344 -152 0
-50 -23 0
-92 -38 0
-134 -53 0
-176 -68 0
-218 -83 0
-260 -98 0
-302 -113 0
-344 -128 0
-50 -22 0
-92 -36 0
-134 -50 0
-176 -64 0
-218 -78 0
-260 -92 0
-302 -106 0
-344 -120 0
-50 -20 0
-92 -32 0
-134 -44 0
-176 -56 0
-218 -68 0
-260 -80 0
-302 -92 0
-344 -104 0
-50 -18 0
-92 -28 0
-134 -38 0
-176 -48 0
-218 -58 0
-260 -68 0
-302 -78 0
-344 -88 0
-50 -13 0
-92 -18 0
-134 -23 0
-176 -28 0
-218 -33 0
-260 -38 0
-302 -43 0
-344 -48 0
-50 -12 0
-92 -16 0
-134 -20 0
-176 -24 0
-218 -28 0
-260 -32 0
-302 -36 0
-344 -40 0
-50 -11 0
-92 -14 0
-134 -17 0
-176 -20 0
-218 -23 0
-260 -26 0
-302 -29 0
-344 -32 0
-50 -10 0
-92 -12 0
-134 -14 0
-176 -16 0
-218 -18 0
-260 -20 0
-302 -22 0
-344 -24 0
-49 -47 0
-90 -86 0
-131 -125 0
-172 -164 0
-213 -203 0
-254 -242 0
-295 -281 0
-336 -320 0
-49 -43 0
-90 -78 0
-131 -113 0
-172 -148 0
-213 -183 0
-254 -218 0
-295 -253 0
-336 -288 0
-49 -42 0
-90 -76 0
-131 -110 0
-172 -144 0
-213 -178 0
-254 -212 0
-295 -246 0
-336 -280 0
-49 -39 0
-90 -70 0
-131 -101 0
-172 -132 0
-213 -163 0
-254 -194 0
-295 -225 0
-336 -256 0
-49 -37 0
-90 -66 0
-131 -95 0
-172 -124 0
-213 -153 0
-254 -182 0
-295 -211 0
-336 -240 0
-49 -36 0
-90 -64 0
-131 -92 0
-172 -120 0
-213 -148 0
-254 -176 0
-295 -204 0
-336 -232 0
-49 -34 0
-90 -60 0
-131 -86 0
-172 -112 0
-213 -138 0
-254 -164 0
-295 -190 0
-336 -216 0
-49 -33 0
-90 -58 0
-131 -83 0
-172 -108 0
-213 -133 0
-254 -158 0
-295 -183 0
-336 -208 0
-49 -32 0
-90 -56 0
-131 -80 0
-172 -104 0
-213 -128 0
-254 -152 0
-295 -176 0
-336 -200 0
-49 -31 0
-90 -54 0
-131 -77 0
-172 -100 0
-213 -123 0
-254 -146 0
-295 -169 0
-336 -192 0
-49 -30 0
-90 -52 0
-131 -74 0
-172 -96 0
-213 -118 0
-254 -140 0
-295 -162 0
-336 -184 0
-49 -27 0
-90 -46 0
-131 -65 0
-172 -84 0
-213 -103 0
-254 -122 0
-295 -141 0
-336 -160 0
-49 -26 0
-90 -44 0
-131 -62 0
-172 -80 0
-213 -98 0
-254 -116 0
-295 -134 0
-336 -152 0
-49 -25 0
-90 -42 0
-131 -59 0
-172 -76 0
-213 -93 0
-254 -110 0
-295 -127 0
-336 -144 0
-49 -18 0
-90 -28 0
-131 -38 0
-172 -48 0
-213 -58 0
-254 -68 0
-295 -78 0
-336 -88 0
-49 -17 0
-90 -26 0
-131 -35 0
-172 -44 0
-213 -53 0
-254 -62 0
-295 -71 0
-336 -80 0
-49 -8 0
-90 -8 0
-131 -8 0
-172 -8 0
-213 -8 0
-254 -8 0
-295 -8 0
-336 -8 0
-48 -46 0
-88 -84 0
-128 -122 0
-168 -160 0
-208 -198 0
-248 -236 0
-288 -274 0
-328 -312 0
-48 -45 0
-88 -82 0
-128 -119 0
-168 -156 0
-208 -193 0
-248 -230 0
-288 -267 0
-328 -304 0
-48 -40 0
-88 -72 0
-128 -104 0
-168 -136 0
-208 -168 0
-248 -200 0
-288 -232 0
-328 -264 0
-48 -39 0
-88 -70 0
-128 -101 0
-168 -132 0
-208 -163 0
-248 -194 0
-288 -225 0
-328 -256 0
-48 -38 0
-88 -68 0
-128 -98 0
-168 -128 0
-208 -158 0
-248 -188 0
-288 -218 0
-328 -248 0
-48 -34 0
-88 -60 0
-128 -86 0
-168 -112 0
-208 -138 0
-248 -164 0
-288 -190 0
-328 -216 0
-48 -32 0
-88 -56 0
-128 -80 0
-168 -104 0
-208 -128 0
-248 -152 0
-288 -176 0
-328 -200 0
-48 -31 0
-88 -54 0
-128 -77 0
-168 -100 0
-208 -123 0
-248 -146 0
-288 -169 0
-328 -192 0
-48 -25 0
-88 -42 0
-128 -59 0
-168 -76 0
-208 -93 0
-248 -110 0
-288 -127 0
-328 -144 0
-48 -24 0
-88 -40 0
-128 -56 0
-168 -72 0
-208 -88 0
-248 -104 0
-288 -120 0
-328 -136 0
-48 -21 0
-88 -34 0
-128 -47 0
-168 -60 0
-208 -73 0
-248 -86 0
-288 -99 0
-328 -112 0
-48 -20 0
-88 -32 0
-128 -44 0
-168 -56 0
-208 -68 0
-248 -80 0
-288 -92 0
-328 -104 0
-48 -19 0
-88 -30 0
-128 -41 0
-168 -52 0
-208 -63 0
-248 -74 0
-288 -85 0
-328 -96 0
-48 -16 0
-88 -24 0
-128 -32 0
-168 -40 0
-208 -48 0
-248 -56 0
-288 -64 0
-328 -72 0
-48 -13 0
-88 -18 0
-128 -23 0
-168 -28 0
-208 -33 0
-248 -38 0
-288 -43 0
-328 -48 0
-48 -10 0
-88 -12 0
-128 -14 0
-168 -16 0
-208 -18 0
-248 -20 0
-288 -22 0
-328 -24 0
-47 -44 0
-86 -80 0
-125 -116 0
-164 -152 0
-203 -188 0
-242 -224 0
-281 -260 0
-320 -296 0
-47 -42 0
-86 -76 0
-125 -110 0
-164 -144 0
-203 -178 0
-242 -212 0
-281 -246 0
-320 -280 0
-47 -41 0
-86 -74 0
-125 -107 0
-164 -140 0
-203 -173 0
-242 -206 0
-281 -239 0
-320 -272 0
-47 -37 0
-86 -66 0
-125 -95 0
-164 -124 0
-203 -153 0
-242 -182 0
-281 -211 0
-320 -240 0
-47 -35 0
-86 -62 0
-125 -89 0
-164 -116 0
-203 -143 0
-242 -170 0
-281 -197 0
-320 -224 0
-47 -33 0
-86 -58 0
-125 -83 0
-164 -108 0
-203 -133 0
-242 -158 0
-281 -183 0
-320 -208 0
-47 -30 0
-86 -52 0
-125 -74 0
-164 -96 0
-203 -118 0
-242 -140 0
-281 -162 0
-320 -184 0
-47 -27 0
-86 -46 0
-125 -65 0
-164 -84 0
-203 -103 0
-242 -122 0
-281 -141 0
-320 -160 0
-47 -26 0
-86 -44 0
-125 -62 0
-164 -80 0
-203 -98 0
-242 -116 0
-281 -134 0
-320 -152 0
-47 -22 0
-86 -36 0
-125 -50 0
-164 -64 0
-203 -78 0
-242 -92 0
-281 -106 0
-320 -120 0
-47 -20 0
-86 -32 0
-125 -44 0
-164 -56 0
-203 -68 0
-242 -80 0
-281 -92 0
-320 -104 0
-47 -17 0
-86 -26 0
-125 -35 0
-164 -44 0
-203 -53 0
-242 -62 0
-281 -71 0
-320 -80 0
-47 -15 0
-86 -22 0
-125 -29 0
-164 -36 0
-203 -43 0
-242 -50 0
-281 -57 0
-320 -64 0
-47 -14 0
-86 -20 0
-125 -26 0
-164 -32 0
-203 -38 0
-242 -44 0
-281 -50 0
-320 -56 0
-47 -12 0
-86 -16 0
-125 -20 0
-164 -24 0
-203 -28 0
-242 -32 0
-281 -36 0
-320 -40 0
-47 -11 0
-86 -14 0
-125 -17 0
-164 -20 0
-203 -23 0
-242 -26 0
-281 -29 0
-320 -32 0
-47 -8 0
-86 -8 0
-125 -8 0
-164 -8 0
-203 -8 0
-242 -8 0
-281 -8 0
-320 -8 0
-46 -45 0
-84 -82 0
-122 -119 0
-160 -156 0
-198 -193 0
-236 -230 0
-274 -267 0
-312 -304 0
-46 -44 0
-84 -80 0
-122 -116 0
-160 -152 0
-198 -188 0
-236 -224 0
-274 -260 0
-312 -296 0
-46 -40 0
-84 -72 0
-122 -104 0
-160 -136 0
-198 -168 0
-236 -200 0
-274 -232 0
-312 -264 0
-46 -39 0
-84 -70 0
-122 -101 0
-160 -132 0
-198 -163 0
-236 -194 0
-274 -225 0
-312 -256 0
-46 -33 0
-84 -58 0
-122 -83 0
-160 -108 0
-198 -133 0
-236 -158 0
-274 -183 0
-312 -208 0
-46 -31 0
-84 -54 0
-122 -77 0
-160 -100 0
-198 -123 0
-236 -146 0
-274 -169 0
-312 -192 0
-46 -29 0
-84 -50 0
-122 -71 0
-160 -92 0
-198 -113 0
-236 -134 0
-274 -155 0
-312 -176 0
-46 -28 0
-84 -48 0
-122 -68 0
-160 -88 0
-198 -108 0
-236 -128 0
-274 -148 0
-312 -168 0
-46 -25 0
-84 -42 0
-122 -59 0
-160 -76 0
-198 -93 0
-236 -110 0
-274 -127 0
-312 -144 0
-46 -24 0
-84 -40 0
-122 -56 0
-160 -72 0
-198 -88 0
-236 -104 0
-274 -120 0
-312 -136 0
-46 -23 0
-84 -38 0
-122 -53 0
-160 -68 0
-198 -83 0
-236 -98 0
-274 -113 0
-312 -128 0
-46 -21 0
-84 -34 0
-122 -47 0
-160 -60 0
-198 -73 0
-236 -86 0
-274 -99 0
-312 -112 0
-46 -19 0
-84 -30 0
-122 -41 0
-160 -52 0
-198 -63 0
-236 -74 0
-274 -85 0
-312 -96 0
-46 -16 0
-84 -24 0
-122 -32 0
-160 -40 0
-198 -48 0
-236 -56 0
-274 -64 0
-312 -72 0
-46 -13 0
-84 -18 0
-122 -23 0
-160 -28 0
-198 -33 0
-236 -38 0
-274 -43 0
-312 -48 0
-46 -12 0
-84 -16 0
-122 -20 0
-160 -24 0
-198 -28 0
-236 -32 0
-274 -36 0
-312 -40 0
-46 -10 0
-84 -12 0
-122 -14 0
-160 -16 0
-198 -18 0
-236 -20 0
-274 -22 0
-312 -24 0
-45 -41 0
-82 -74 0
-119 -107 0
-156 -140 0
-193 -173 0
-230 -206 0
-267 -239 0
-304 -272 0
-45 -40 0
-82 -72 0
-119 -104 0
-156 -136 0
-193 -168 0
-230 -200 0
-267 -232 0
-304 -264 0
-45 -39 0
-82 -70 0
-119 -101 0
-156 -132 0
-193 -163 0
-230 -194 0
-267 -225 0
-304 -256 0
-45 -38 0
-82 -68 0
-119 -98 0
-156 -128 0
-193 -158 0
-230 -188 0
-267 -218 0
-304 -248 0
-45 -37 0
-82 -66 0
-119 -95 0
-156 -124 0
-193 -153 0
-230 -182 0
-267 -211 0
-304 -240 0
-45 -34 0
-82 -60 0
-119 -86 0
-156 -112 0
-193 -138 0
-230 -164 0
-267 -190 0
-304 -216 0
-45 -33 0
-82 -58 0
-119 -83 0
-156 -108 0
-193 -133 0
-230 -158 0
-267 -183 0
-304 -208 0
-45 -32 0
-82 -56 0
-119 -80 0
-156 -104 0
-193 -128 0
-230 -152 0
-267 -176 0
-304 -200 0
-45 -27 0
-82 -46 0
-119 -65 0
-156 -84 0
-193 -103 0
-230 -122 0
-267 -141 0
-304 -160 0
-45 -25 0
-82 -42 0
-119 -59 0
-156 -76 0
-193 -93 0
-230 -110 0
-267 -127 0
-304 -144 0
-45 -24 0
-82 -40 0
-119 -56 0
-156 -72 0
-193 -88 0
-230 -104 0
-267 -120 0
-304 -136 0
-45 -23 0
-82 -38 0
-119 -53 0
-156 -68 0
-193 -83 0
-230 -98 0
-267 -113 0
-304 -128 0
-45 -20 0
-82 -32 0
-119 -44 0
-156 -56 0
-193 -68 0
-230 -80 0
-267 -92 0
-304 -104 0
-45 -19 0
-82 -30 0
-119 -41 0
-156 -52 0
-193 -63 0
-230 -74 0
-267 -85 0
-304 -96 0
-45 -16 0
-82 -24 0
-119 -32 0
-156 -40 0
-193 -48 0
-230 -56 0
-267 -64 0
-304 -72 0
-45 -13 0
-82 -18 0
-119 -23 0
-156 -28 0
-193 -33 0
-230 -38 0
-267 -43 0
-304 -48 0
-45 -12 0
-82 -16 0
-119 -20 0
-156 -24 0
-193 -28 0
-230 -32 0
-267 -36 0
-304 -40 0
-45 -11 0
-82 -14 0
-119 -17 0
-156 -20 0
-193 -23 0
-230 -26 0
-267 -29 0
-304 -32 0
-45 -10 0
-82 -12 0
-119 -14 0
-156 -16 0
-193 -18 0
-230 -20 0
-267 -22 0
-304 -24 0
-44 -42 0
-80 -76 0
-116 -110 0
-152 -144 0
-188 -178 0
-224 -212 0
-260 -246 0
-296 -280 0
-44 -41 0
-80 -74 0
-116 -107 0
-152 -140 0
-188 -173 0
-224 -206 0
-260 -239 0
-296 -272 0
-44 -38 0
-80 -68 0
-116 -98 0
-152 -128 0
-188 -158 0
-224 -188 0
-260 -218 0
-296 -248 0
-44 -37 0
-80 -66 0
-116 -95 0
-152 -124 0
-188 -153 0
-224 -182 0
-260 -211 0
-296 -240 0
-44 -36 0
-80 -64 0
-116 -92 0
-152 -120 0
-188 -148 0
-224 -176 0
-260 -204 0
-296 -232 0
-44 -34 0
-80 -60 0
-116 -86 0
-152 -112 0
-188 -138 0
-224 -164 0
-260 -190 0
-296 -216 0
-44 -27 0
-80 -46 0
-116 -65 0
-152 -84 0
-188 -103 0
-224 -122 0
-260 -141 0
-296 -160 0
-44 -21 0
-80 -34 0
-116 -47 0
-152 -60 0
-188 -73 0
-224 -86 0
-260 -99 0
-296 -112 0
-44 -15 0
-80 -22 0
-116 -29 0
-152 -36 0
-188 -43 0
-224 -50 0
-260 -57 0
-296 -64 0
-44 -14 0
-80 -20 0
-116 -26 0
-152 -32 0
-188 -38 0
-224 -44 0
-260 -50 0
-296 -56 0
-44 -13 0
-80 -18 0
-116 -23 0
-152 -28 0
-188 -33 0
-224 -38 0
-260 -43 0
-296 -48 0
-44 -10 0
-80 -12 0
-116 -14 0
-152 -16 0
-188 -18 0
-224 -20 0
-260 -22 0
-296 -24 0
-43 -41 0
-78 -74 0
-113 -107 0
-148 -140 0
-183 -173 0
-218 -206 0
-253 -239 0
-288 -272 0
-43 -39 0
-78 -70 0
-113 -101 0
-148 -132 0
-183 -163 0
-218 -194 0
-253 -225 0
-288 -256 0
-43 -38 0
-78 -68 0
-113 -98 0
-148 -128 0
-183 -158 0
-218 -188 0
-253 -218 0
-288 -248 0
-43 -34 0
-78 -60 0
-113 -86 0
-148 -112 0
-183 -138 0
-218 -164 0
-253 -190 0
-288 -216 0
-43 -33 0
-78 -58 0
-113 -83 0
-148 -108 0
-183 -133 0
-218 -158 0
-253 -183 0
-288 -208 0
-43 -31 0
-78 -54 0
-113 -77 0
-148 -100 0
-183 -123 0
-218 -146 0
-253 -169 0
-288 -192 0
-43 -30 0
-78 -52 0
-113 -74 0
-148 -96 0
-183 -118 0
-218 -140 0
-253 -162 0
-288 -184 0
-43 -28 0
-78 -48 0
-113 -68 0
-148 -88 0
-183 -108 0
-218 -128 0
-253 -148 0
-288 -168 0
-43 -27 0
-78 -46 0
-113 -65 0
-148 -84 0
-183 -103 0
-218 -122 0
-253 -141 0
-288 -160 0
-43 -26 0
-78 -44 0
-113 -62 0
-148 -80 0
-183 -98 0
-218 -116 0
-253 -134 0
-288 -152 0
-43 -25 0
-78 -42 0
-113 -59 0
-148 -76 0
-183 -93 0
-218 -110 0
-253 -127 0
-288 -144 0
-43 -24 0
-78 -40 0
-113 -56 0
-148 -72 0
-183 -88 0
-218 -104 0
-253 -120 0
-288 -136 0
-43 -23 0
-78 -38 0
-113 -53 0
-148 -68 0
-183 -83 0
-218 -98 0
-253 -113 0
-288 -128 0
-43 -21 0
-78 -34 0
-113 -47 0
-148 -60 0
-183 -73 0
-218 -86 0
-253 -99 0
-288 -112 0
-43 -19 0
-78 -30 0
-113 -41 0
-148 -52 0
-183 -63 0
-218 -74 0
-253 -85 0
-288 -96 0
-43 -18 0
-78 -28 0
-113 -38 0
-148 -48 0
-183 -58 0
-218 -68 0
-253 -78 0
-288 -88 0
-43 -17 0
-78 -26 0
-113 -35 0
-148 -44 0
-183 -53 0
-218 -62 0
-253 -71 0
-288 -80 0
-43 -16 0
-78 -24 0
-113 -32 0
-148 -40 0
-183 -48 0
-218 -56 0
-253 -64 0
-288 -72 0
-43 -15 0
-78 -22 0
-113 -29 0
-148 -36 0
-183 -43 0
-218 -50 0
-253 -57 0
-288 -64 0
-43 -14 0
-78 -20 0
-113 -26 0
-148 -32 0
-183 -38 0
-218 -44 0
-253 -50 0
-288 -56 0
-43 -8 0
-78 -8 0
-113 -8 0
-148 -8 0
-183 -8 0
-218 -8 0
-253 -8 0
-288 -8 0
-42 -38 0
-76 -68 0
-110 -98 0
-144 -128 0
-178 -158 0
-212 -188 0
-246 -218 0
-280 -248 0
-42 -37 0
-76 -66 0
-110 -95 0
-144 -124 0
-178 -153 0
-212 -182 0
-246 -211 0
-280 -240 0
-42 -36 0
-76 -64 0
-110 -92 0
-144 -120 0
-178 -148 0
-212 -176 0
-246 -204 0
-280 -232 0
-42 -35 0
-76 -62 0
-110 -89 0
-144 -116 0
-178 -143 0
-212 -170 0
-246 -197 0
-280 -224 0
-42 -32 0
-76 -56 0
-110 -80 0
-144 -104 0
-178 -128 0
-212 -152 0
-246 -176 0
-280 -200 0
-42 -30 0
-76 -52 0
-110 -74 0
-144 -96 0
-178 -118 0
-212 -140 0
-246 -162 0
-280 -184 0
-42 -28 0
-76 -48 0
-110 -68 0
-144 -88 0
-178 -108 0
-212 -128 0
-246 -148 0
-280 -168 0
-42 -20 0
-76 -32 0
-110 -44 0
-144 -56 0
-178 -68 0
-212 -80 0
-246 -92 0
-280 -104 0
-42 -18 0
-76 -28 0
-110 -38 0
-144 -48 0
-178 -58 0
-212 -68 0
-246 -78 0
-280 -88 0
-42 -17 0
-76 -26 0
-110 -35 0
-144 -44 0
-178 -53 0
-212 -62 0
-246 -71 0
-280 -80 0
-42 -14 0
-76 -20 0
-110 -26 0
-144 -32 0
-178 -38 0
-212 -44 0
-246 -50 0
-280 -56 0
-42 -13 0
-76 -18 0
-110 -23 0
-144 -28 0
-178 -33 0
-212 -38 0
-246 -43 0
-280 -48 0
-42 -10 0
-76 -12 0
-110 -14 0
-144 -16 0
-178 -18 0
-212 -20 0
-246 -22 0
-280 -24 0
-42 -9 0
-76 -10 0
-110 -11 0
-144 -12 0
-178 -13 0
-212 -14 0
-246 -15 0
-280 -16 0
-41 -38 0
-74 -68 0
-107 -98 0
-140 -128 0
-173 -158 0
-206 -188 0
-239 -218 0
-272 -248 0
-41 -37 0
-74 -66 0
-107 -95 0
-140 -124 0
-173 -153 0
-206 -182 0
-239 -211 0
-272 -240 0
-41 -36 0
-74 -64 0
-107 -92 0
-140 -120 0
-173 -148 0
-206 -176 0
-239 -204 0
-272 -232 0
-41 -34 0
-74 -60 0
-107 -86 0
-140 -112 0
-173 -138 0
-206 -164 0
-239 -190 0
-272 -216 0
-41 -32 0
-74 -56 0
-107 -80 0
-140 -104 0
-173 -128 0
-206 -152 0
-239 -176 0
-272 -200 0
-41 -25 0
-74 -42 0
-107 -59 0
-140 -76 0
-173 -93 0
-206 -110 0
-239 -127 0
-272 -144 0
-41 -24 0
-74 -40 0
-107 -56 0
-140 -72 0
-173 -88 0
-206 -104 0
-239 -120 0
-272 -136 0
-41 -20 0
-74 -32 0
-107 -44 0
-140 -56 0
-173 -68 0
-206 -80 0
-239 -92 0
-272 -104 0
-41 -18 0
-74 -28 0
-107 -38 0
-140 -48 0
-173 -58 0
-206 -68 0
-239 -78 0
-272 -88 0
-41 -17 0
-74 -26 0
-107 -35 0
-140 -44 0
-173 -53 0
-206 -62 0
-239 -71 0
-272 -80 0
-41 -16 0
-74 -24 0
-107 -32 0
-140 -40 0
-173 -48 0
-206 -56 0
-239 -64 0
-272 -72 0
-41 -14 0
-74 -20 0
-107 -26 0
-140 -32 0
-173 -38 0
-206 -44 0
-239 -50 0
-272 -56 0
-40 -39 0
-72 -70 0
-104 -101 0
-136 -132 0
-168 -163 0
-200 -194 0
-232 -225 0
-264 -256 0
-40 -35 0
-72 -62 0
-104 -89 0
-136 -116 0
-168 -143 0
-200 -170 0
-232 -197 0
-264 -224 0
-40 -34 0
-72 -60 0
-104 -86 0
-136 -112 0
-168 -138 0
-200 -164 0
-232 -190 0
-264 -216 0
-40 -33 0
-72 -58 0
-104 -83 0
-136 -108 0
-168 -133 0
-200 -158 0
-232 -183 0
-264 -208 0
-40 -31 0
-72 -54 0
-104 -77 0
-136 -100 0
-168 -123 0
-200 -146 0
-232 -169 0
-264 -192 0
-40 -29 0
-72 -50 0
-104 -71 0
-136 -92 0
-168 -113 0
-200 -134 0
-232 -155 0
-264 -176 0
-40 -28 0
-72 -48 0
-104 -68 0
-136 -88 0
-168 -108 0
-200 -128 0
-232 -148 0
-264 -168 0
-40 -24 0
-72 -40 0
-104 -56 0
-136 -72 0
-168 -88 0
-200 -104 0
-232 -120 0
-264 -136 0
-40 -23 0
-72 -38 0
-104 -53 0
-136 -68 0
-168 -83 0
-200 -98 0
-232 -113 0
-264 -128 0
-40 -22 0
-72 -36 0
-104 -50 0
-136 -64 0
-168 -78 0
-200 -92 0
-232 -106 0
-264 -120 0
-40 -21 0
-72 -34 0
-104 -47 0
-136 -60 0
-168 -73 0
-200 -86 0
-232 -99 0
-264 -112 0
-40 -19 0
-72 -30 0
-104 -41 0
-136 -52 0
-168 -63 0
-200 -74 0
-232 -85 0
-264 -96 0
-40 -16 0
-72 -24 0
-104 -32 0
-136 -40 0
-168 -48 0
-200 -56 0
-232 -64 0
-264 -72 0
-40 -13 0
-72 -18 0
-104 -23 0
-136 -28 0
-168 -33 0
-200 -38 0
-232 -43 0
-264 -48 0
-39 -35 0
-70 -62 0
-101 -89 0
-132 -116 0
-163 -143 0
-194 -170 0
-225 -197 0
-256 -224 0
-39 -34 0
-70 -60 0
-101 -86 0
-132 -112 0
-163 -138 0
-194 -164 0
-225 -190 0
-256 -216 0
-39 -33 0
-70 -58 0
-101 -83 0
-132 -108 0
-163 -133 0
-194 -158 0
-225 -183 0
-256 -208 0
-39 -32 0
-70 -56 0
-101 -80 0
-132 -104 0
-163 -128 0
-194 -152 0
-225 -176 0
-256 -200 0
-39 -29 0
-70 -50 0
-101 -71 0
-132 -92 0
-163 -113 0
-194 -134 0
-225 -155 0
-256 -176 0
-39 -27 0
-70 -46 0
-101 -65 0
-132 -84 0
-163 -103 0
-194 -122 0
-225 -141 0
-256 -160 0
-39 -26 0
-70 -44 0
-101 -62 0
-132 -80 0
-163 -98 0
-194 -116 0
-225 -134 0
-256 -152 0
-39 -25 0
-70 -42 0
-101 -59 0
-132 -76 0
-163 -93 0
-194 -110 0
-225 -127 0
-256 -144 0
-39 -24 0
-70 -40 0
-101 -56 0
-132 -72 0
-163 -88 0
-194 -104 0
-225 -120 0
-256 -136 0
-39 -23 0
-70 -38 0
-101 -53 0
-132 -68 0
-163 -83 0
-194 -98 0
-225 -113 0
-256 -128 0
-39 -22 0
-70 -36 0
-101 -50 0
-132 -64 0
-163 -78 0
-194 -92 0
-225 -106 0
-256 -120 0
-39 -20 0
-70 -32 0
-101 -44 0
-132 -56 0
-163 -68 0
-194 -80 0
-225 -92 0
-256 -104 0
-39 -18 0
-70 -28 0
-101 -38 0
-132 -48 0
-163 -58 0
-194 -68 0
-225 -78 0
-256 -88 0
-39 -17 0
-70 -26 0
-101 -35 0
-132 -44 0
-163 -53 0
-194 -62 0
-225 -71 0
-256 -80 0
-39 -11 0
-70 -14 0
-101 -17 0
-132 -20 0
-163 -23 0
-194 -26 0
-225 -29 0
-256 -32 0
-39 -8 0
-70 -8 0
-101 -8 0
-132 -8 0
-163 -8 0
-194 -8 0
-225 -8 0
-256 -8 0
-38 -37 0
-68 -66 0
-98 -95 0
-128 -124 0
-158 -153 0
-188 -182 0
-218 -211 0
-248 -240 0
-38 -27 0
-68 -46 0
-98 -65 0
-128 -84 0
-158 -103 0
-188 -122 0
-218 -141 0
-248 -160 0
-38 -26 0
-68 -44 0
-98 -62 0
-128 -80 0
-158 -98 0
-188 -116 0
-218 -134 0
-248 -152 0
-38 -25 0
-68 -42 0
-98 -59 0
-128 -76 0
-158 -93 0
-188 -110 0
-218 -127 0
-248 -144 0
-38 -20 0
-68 -32 0
-98 -44 0
-128 -56 0
-158 -68 0
-188 -80 0
-218 -92 0
-248 -104 0
-38 -17 0
-68 -26 0
-98 -35 0
-128 -44 0
-158 -53 0
-188 -62 0
-218 -71 0
-248 -80 0
-38 -16 0
-68 -24 0
-98 -32 0
-128 -40 0
-158 -48 0
-188 -56 0
-218 -64 0
-248 -72 0
-38 -15 0
-68 -22 0
-98 -29 0
-128 -36 0
-158 -43 0
-188 -50 0
-218 -57 0
-248 -64 0
-38 -14 0
-68 -20 0
-98 -26 0
-128 -32 0
-158 -38 0
-188 -44 0
-218 -50 0
-248 -56 0
-38 -12 0
-68 -16 0
-98 -20 0
-128 -24 0
-158 -28 0
-188 -32 0
-218 -36 0
-248 -40 0
-38 -11 0
-68 -14 0
-98 -17 0
-128 -20 0
-158 -23 0
-188 -26 0
-218 -29 0
-248 -32 0
-37 -36 0
-66 -64 0
-95 -92 0
-124 -120 0
-153 -148 0
-182 -176 0
-211 -204 0
-240 -232 0
-37 -34 0
-66 -60 0
-95 -86 0
-124 -112 0
-153 -138 0
-182 -164 0
-211 -190 0
-240 -216 0
-37 -32 0
-66 -56 0
-95 -80 0
-124 -104 0
-153 -128 0
-182 -152 0
-211 -176 0
-240 -200 0
-37 -27 0
-66 -46 0
-95 -65 0
-124 -84 0
-153 -103 0
-182 -122 0
-211 -141 0
-240 -160 0
-37 -26 0
-66 -44 0
-95 -62 0
-124 -80 0
-153 -98 0
-182 -116 0
-211 -134 0
-240 -152 0
-37 -24 0
-66 -40 0
-95 -56 0
-124 -72 0
-153 -88 0
-182 -104 0
-211 -120 0
-240 -136 0
-37 -20 0
-66 -32 0
-95 -44 0
-124 -56 0
-153 -68 0
-182 -80 0
-211 -92 0
-240 -104 0
-37 -18 0
-66 -28 0
-95 -38 0
-124 -48 0
-153 -58 0
-182 -68 0
-211 -78 0
-240 -88 0
-37 -17 0
-66 -26 0
-95 -35 0
-124 -44 0
-153 -53 0
-182 -62 0
-211 -71 0
-240 -80 0
-37 -16 0
-66 -24 0
-95 -32 0
-124 -40 0
-153 -48 0
-182 -56 0
-211 -64 0
-240 -72 0
-37 -15 0
-66 -22 0
-95 -29 0
-124 -36 0
-153 -43 0
-182 -50 0
-211 -57 0
-240 -64 0
-37 -14 0
-66 -20 0
-95 -26 0
-124 -32 0
-153 -38 0
-182 -44 0
-211 -50 0
-240 -56 0
-37 -12 0
-66 -16 0
-95 -20 0
-124 -24 0
-153 -28 0
-182 -32 0
-211 -36 0
-240 -40 0
-37 -9 0
-66 -10 0
-95 -11 0
-124 -12 0
-153 -13 0
-182 -14 0
-211 -15 0
-240 -16 0
-36 -30 0
-64 -52 0
-92 -74 0
-120 -96 0
-148 -118 0
-176 -140 0
-204 -162 0
-232 -184 0
-36 -28 0
-64 -48 0
-92 -68 0
-120 -88 0
-148 -108 0
-176 -128 0
-204 -148 0
-232 -168 0
-36 -27 0
-64 -46 0
-92 -65 0
-120 -84 0
-148 -103 0
-176 -122 0
-204 -141 0
-232 -160 0
-36 -26 0
-64 -44 0
-92 -62 0
-120 -80 0
-148 -98 0
-176 -116 0
-204 -134 0
-232 -152 0
-36 -20 0
-64 -32 0
-92 -44 0
-120 -56 0
-148 -68 0
-176 -80 0
-204 -92 0
-232 -104 0
-36 -17 0
-64 -26 0
-92 -35 0
-120 -44 0
-148 -53 0
-176 -62 0
-204 -71 0
-232 -80 0
-36 -15 0
-64 -22 0
-92 -29 0
-120 -36 0
-148 -43 0
-176 -50 0
-204 -57 0
-232 -64 0
-36 -14 0
-64 -20 0
-92 -26 0
-120 -32 0
-148 -38 0
-176 -44 0
-204 -50 0
-232 -56 0
-36 -9 0
-64 -10 0
-92 -11 0
-120 -12 0
-148 -13 0
-176 -14 0
-204 -15 0
-232 -16 0
-36 -8 0
-64 -8 0
-92 -8 0
-120 -8 0
-148 -8 0
-176 -8 0
-204 -8 0
-232 -8 0
-35 -33 0
-62 -58 0
-89 -83 0
-116 -108 0
-143 -133 0
-170 -158 0
-197 -183 0
-224 -208 0
-35 -32 0
-62 -56 0
-89 -80 0
-116 -104 0
-143 -128 0
-170 -152 0
-197 -176 0
-224 -200 0
-35 -30 0
-62 -52 0
-89 -74 0
-116 -96 0
-143 -118 0
-170 -140 0
-197 -162 0
-224 -184 0
-35 -28 0
-62 -48 0
-89 -68 0
-116 -88 0
-143 -108 0
-170 -128 0
-197 -148 0
-224 -168 0
-35 -26 0
-62 -44 0
-89 -62 0
-116 -80 0
-143 -98 0
-170 -116 0
-197 -134 0
-224 -152 0
-35 -25 0
-62 -42 0
-89 -59 0
-116 -76 0
-143 -93 0
-170 -110 0
-197 -127 0
-224 -144 0
-35 -23 0
-62 -38 0
-89 -53 0
-116 -68 0
-143 -83 0
-170 -98 0
-197 -113 0
-224 -128 0
-35 -20 0
-62 -32 0
-89 -44 0
-116 -56 0
-143 -68 0
-170 -80 0
-197 -92 0
-224 -104 0
-35 -19 0
-62 -30 0
-89 -41 0
-116 -52 0
-143 -63 0
-170 -74 0
-197 -85 0
-224 -96 0
-35 -18 0
-62 -28 0
-89 -38 0
-116 -48 0
-143 -58 0
-170 -68 0
-197 -78 0
-224 -88 0
-35 -17 0
-62 -26 0
-89 -35 0
-116 -44 0
-143 -53 0
-170 -62 0
-197 -71 0
-224 -80 0
-35 -13 0
-62 -18 0
-89 -23 0
-116 -28 0
-143 -33 0
-170 -38 0
-197 -43 0
-224 -48 0
-35 -12 0
-62 -16 0
-89 -20 0
-116 -24 0
-143 -28 0
-170 -32 0
-197 -36 0
-224 -40 0
-35 -11 0
-62 -14 0
-89 -17 0
-116 -20 0
-143 -23 0
-170 -26 0
-197 -29 0
-224 -32 0
-35 -9 0
-62 -10 0
-89 -11 0
-116 -12 0
-143 -13 0
-170 -14 0
-197 -15 0
-224 -16 0
-35 -8 0
-62 -8 0
-89 -8 0
-116 -8 0
-143 -8 0
-170 -8 0
-197 -8 0
-224 -8 0
-34 -33 0
-60 -58 0
-86 -83 0
-112 -108 0
-138 -133 0
-164 -158 0
-190 -183 0
-216 -208 0
-34 -31 0
-60 -54 0
-86 -77 0
-112 -100 0
-138 -123 0
-164 -146 0
-190 -169 0
-216 -192 0
-34 -28 0
-60 -48 0
-86 -68 0
-112 -88 0
-138 -108 0
-164 -128 0
-190 -148 0
-216 -168 0
-34 -27 0
-60 -46 0
-86 -65 0
-112 -84 0
-138 -103 0
-164 -122 0
-190 -141 0
-216 -160 0
-34 -26 0
-60 -44 0
-86 -62 0
-112 -80 0
-138 -98 0
-164 -116 0
-190 -134 0
-216 -152 0
-34 -25 0
-60 -42 0
-86 -59 0
-112 -76 0
-138 -93 0
-164 -110 0
-190 -127 0
-216 -144 0
-34 -23 0
-60 -38 0
-86 -53 0
-112 -68 0
-138 -83 0
-164 -98 0
-190 -113 0
-216 -128 0
-34 -21 0
-60 -34 0
-86 -47 0
-112 -60 0
-138 -73 0
-164 -86 0
-190 -99 0
-216 -112 0
-34 -19 0
-60 -30 0
-86 -41 0
-112 -52 0
-138 -63 0
-164 -74 0
-190 -85 0
-216 -96 0
-34 -16 0
-60 -24 0
-86 -32 0
-112 -40 0
-138 -48 0
-164 -56 0
-190 -64 0
-216 -72 0
-34 -15 0
-60 -22 0
-86 -29 0
-112 -36 0
-138 -43 0
-164 -50 0
-190 -57 0
-216 -64 0
-34 -14 0
-60 -20 0
-86 -26 0
-112 -32 0
-138 -38 0
-164 -44 0
-190 -50 0
-216 -56 0
-34 -8 0
-60 -8 0
-86 -8 0
-112 -8 0
-138 -8 0
-164 -8 0
-190 -8 0
-216 -8 0
-33 -32 0
-58 -56 0
-83 -80 0
-108 -104 0
-133 -128 0
-158 -152 0
-183 -176 0
-208 -200 0
-33 -31 0
-58 -54 0
-83 -77 0
-108 -100 0
-133 -123 0
-158 -146 0
-183 -169 0
-208 -192 0
-33 -30 0
-58 -52 0
-83 -74 0
-108 -96 0
-133 -118 0
-158 -140 0
-183 -162 0
-208 -184 0
-33 -29 0
-58 -50 0
-83 -71 0
-108 -92 0
-133 -113 0
-158 -134 0
-183 -155 0
-208 -176 0
-33 -26 0
-58 -44 0
-83 -62 0
-108 -80 0
-133 -98 0
-158 -116 0
-183 -134 0
-208 -152 0
-33 -25 0
-58 -42 0
-83 -59 0
-108 -76 0
-133 -93 0
-158 -110 0
-183 -127 0
-208 -144 0
-33 -24 0
-58 -40 0
-83 -56 0
-108 -72 0
-133 -88 0
-158 -104 0
-183 -120 0
-208 -136 0
-33 -22 0
-58 -36 0
-83 -50 0
-108 -64 0
-133 -78 0
-158 -92 0
-183 -106 0
-208 -120 0
-33 -20 0
-58 -32 0
-83 -44 0
-108 -56 0
-133 -68 0
-158 -80 0
-183 -92 0
-208 -104 0
-33 -19 0
-58 -30 0
-83 -41 0
-108 -52 0
-133 -63 0
-158 -74 0
-183 -85 0
-208 -96 0
-33 -18 0
-58 -28 0
-83 -38 0
-108 -48 0
-133 -58 0
-158 -68 0
-183 -78 0
-208 -88 0
-33 -17 0
-58 -26 0
-83 -35 0
-108 -44 0
-133 -53 0
-158 -62 0
-183 -71 0
-208 -80 0
-33 -16 0
-58 -24 0
-83 -32 0
-108 -40 0
-133 -48 0
-158 -56 0
-183 -64 0
-208 -72 0
-33 -9 0
-58 -10 0
-83 -11 0
-108 -12 0
-133 -13 0
-158 -14 0
-183 -15 0
-208 -16 0
-33 -8 0
-58 -8 0
-83 -8 0
-108 -8 0
-133 -8 0
-158 -8 0
-183 -8 0
-208 -8 0
-32 -29 0
-56 -50 0
-80 -71 0
-104 -92 0
-128 -113 0
-152 -134 0
-176 -155 0
-200 -176 0
-32 -27 0
-56 -46 0
-80 -65 0
-104 -84 0
-128 -103 0
-152 -122 0
-176 -141 0
-200 -160 0
-32 -26 0
-56 -44 0
-80 -62 0
-104 -80 0
-128 -98 0
-152 -116 0
-176 -134 0
-200 -152 0
-32 -22 0
-56 -36 0
-80 -50 0
-104 -64 0
-128 -78 0
-152 -92 0
-176 -106 0
-200 -120 0
-32 -20 0
-56 -32 0
-80 -44 0
-104 -56 0
-128 -68 0
-152 -80 0
-176 -92 0
-200 -104 0
-32 -17 0
-56 -26 0
-80 -35 0
-104 -44 0
-128 -53 0
-152 -62 0
-176 -71 0
-200 -80 0
-32 -16 0
-56 -24 0
-80 -32 0
-104 -40 0
-128 -48 0
-152 -56 0
-176 -64 0
-200 -72 0
-32 -15 0
-56 -22 0
-80 -29 0
-104 -36 0
-128 -43 0
-152 -50 0
-176 -57 0
-200 -64 0
-32 -14 0
-56 -20 0
-80 -26 0
-104 -32 0
-128 -38 0
-152 -44 0
-176 -50 0
-200 -56 0
-32 -12 0
-56 -16 0
-80 -20 0
-104 -24 0
-128 -28 0
-152 -32 0
-176 -36 0
-200 -40 0
-32 -11 0
-56 -14 0
-80 -17 0
-104 -20 0
-128 -23 0
-152 -26 0
-176 -29 0
-200 -32 0
-32 -8 0
-56 -8 0
-80 -8 0
-104 -8 0
-128 -8 0
-152 -8 0
-176 -8 0
-200 -8 0
-31 -30 0
-54 -52 0
-77 -74 0
-100 -96 0
-123 -118 0
-146 -140 0
-169 -162 0
-192 -184 0
-31 -29 0
-54 -50 0
-77 -71 0
-100 -92 0
-123 -113 0
-146 -134 0
-169 -155 0
-192 -176 0
-31 -28 0
-54 -48 0
-77 -68 0
-100 -88 0
-123 -108 0
-146 -128 0
-169 -148 0
-192 -168 0
-31 -27 0
-54 -46 0
-77 -65 0
-100 -84 0
-123 -103 0
-146 -122 0
-169 -141 0
-192 -160 0
-31 -23 0
-54 -38 0
-77 -53 0
-100 -68 0
-123 -83 0
-146 -98 0
-169 -113 0
-192 -128 0
-31 -21 0
-54 -34 0
-77 -47 0
-100 -60 0
-123 -73 0
-146 -86 0
-169 -99 0
-192 -112 0
-31 -15 0
-54 -22 0
-77 -29 0
-100 -36 0
-123 -43 0
-146 -50 0
-169 -57 0
-192 -64 0
-31 -14 0
-54 -20 0
-77 -26 0
-100 -32 0
-123 -38 0
-146 -44 0
-169 -50 0
-192 -56 0
-31 -10 0
-54 -12 0
-77 -14 0
-100 -16 0
-123 -18 0
-146 -20 0
-169 -22 0
-192 -24 0
-30 -29 0
-52 -50 0
-74 -71 0
-96 -92 0
-118 -113 0
-140 -134 0
-162 -155 0
-184 -176 0
-30 -28 0
-52 -48 0
-74 -68 0
-96 -88 0
-118 -108 0
-140 -128 0
-162 -148 0
-184 -168 0
-30 -22 0
-52 -36 0
-74 -50 0
-96 -64 0
-118 -78 0
-140 -92 0
-162 -106 0
-184 -120 0
-30 -21 0
-52 -34 0
-74 -47 0
-96 -60 0
-118 -73 0
-140 -86 0
-162 -99 0
-184 -112 0
-30 -19 0
-52 -30 0
-74 -41 0
-96 -52 0
-118 -63 0
-140 -74 0
-162 -85 0
-184 -96 0
-30 -18 0
-52 -28 0
-74 -38 0
-96 -48 0
-118 -58 0
-140 -68 0
-162 -78 0
-184 -88 0
-30 -17 0
-52 -26 0
-74 -35 0
-96 -44 0
-118 -53 0
-140 -62 0
-162 -71 0
-184 -80 0
-30 -9 0
-52 -10 0
-74 -11 0
-96 -12 0
-118 -13 0
-140 -14 0
-162 -15 0
-184 -16 0
-30 -8 0
-52 -8 0
-74 -8 0
-96 -8 0
-118 -8 0
-140 -8 0
-162 -8 0
-184 -8 0
-29 -28 0
-50 -48 0
-71 -68 0
-92 -88 0
-113 -108 0
-134 -128 0
-155 -148 0
-176 -168 0
-29 -26 0
-50 -44 0
-71 -62 0
-92 -80 0
-113 -98 0
-134 -116 0
-155 -134 0
-176 -152 0
-29 -25 0
-50 -42 0
-71 -59 0
-92 -76 0
-113 -93 0
-134 -110 0
-155 -127 0
-176 -144 0
-29 -24 0
-50 -40 0
-71 -56 0
-92 -72 0
-113 -88 0
-134 -104 0
-155 -120 0
-176 -136 0
-29 -23 0
-50 -38 0
-71 -53 0
-92 -68 0
-113 -83 0
-134 -98 0
-155 -113 0
-176 -128 0
-29 -20 0
-50 -32 0
-71 -44 0
-92 -56 0
-113 -68 0
-134 -80 0
-155 -92 0
-176 -104 0
-29 -19 0
-50 -30 0
-71 -41 0
-92 -52 0
-113 -63 0
-134 -74 0
-155 -85 0
-176 -96 0
-29 -18 0
-50 -28 0
-71 -38 0
-92 -48 0
-113 -58 0
-134 -68 0
-155 -78 0
-176 -88 0
-29 -16 0
-50 -24 0
-71 -32 0
-92 -40 0
-113 -48 0
-134 -56 0
-155 -64 0
-176 -72 0
-29 -12 0
-50 -16 0
-71 -20 0
-92 -24 0
-113 -28 0
-134 -32 0
-155 -36 0
-176 -40 0
-29 -11 0
-50 -14 0
-71 -17 0
-92 -20 0
-113 -23 0
-134 -26 0
-155 -29 0
-176 -32 0
-29 -9 0
-50 -10 0
-71 -11 0
-92 -12 0
-113 -13 0
-134 -14 0
-155 -15 0
-176 -16 0
-29 -8 0
-50 -8 0
-71 -8 0
-92 -8 0
-113 -8 0
-134 -8 0
-155 -8 0
-176 -8 0
-28 -19 0
-48 -30 0
-68 -41 0
-88 -52 0
-108 -63 0
-128 -74 0
-148 -85 0
-168 -96 0
-28 -17 0
-48 -26 0
-68 -35 0
-88 -44 0
-108 -53 0
-128 -62 0
-148 -71 0
-168 -80 0
-28 -9 0
-48 -10 0
-68 -11 0
-88 -12 0
-108 -13 0
-128 -14 0
-148 -15 0
-168 -16 0
-28 -8 0
-48 -8 0
-68 -8 0
-88 -8 0
-108 -8 0
-128 -8 0
-148 -8 0
-168 -8 0
-27 -25 0
-46 -42 0
-65 -59 0
-84 -76 0
-103 -93 0
-122 -110 0
-141 -127 0
-160 -144 0
-27 -24 0
-46 -40 0
-65 -56 0
-84 -72 0
-103 -88 0
-122 -104 0
-141 -120 0
-160 -136 0
-27 -21 0
-46 -34 0
-65 -47 0
-84 -60 0
-103 -73 0
-122 -86 0
-141 -99 0
-160 -112 0
-27 -20 0
-46 -32 0
-65 -44 0
-84 -56 0
-103 -68 0
-122 -80 0
-141 -92 0
-160 -104 0
-27 -16 0
-46 -24 0
-65 -32 0
-84 -40 0
-103 -48 0
-122 -56 0
-141 -64 0
-160 -72 0
-27 -14 0
-46 -20 0
-65 -26 0
-84 -32 0
-103 -38 0
-122 -44 0
-141 -50 0
-160 -56 0
-27 -8 0
-46 -8 0
-65 -8 0
-84 -8 0
-103 -8 0
-122 -8 0
-141 -8 0
-160 -8 0
-26 -25 0
-44 -42 0
-62 -59 0
-80 -76 0
-98 -93 0
-116 -110 0
-134 -127 0
-152 -144 0
-26 -23 0
-44 -38 0
-62 -53 0
-80 -68 0
-98 -83 0
-116 -98 0
-134 -113 0
-152 -128 0
-26 -22 0
-44 -36 0
-62 -50 0
-80 -64 0
-98 -78 0
-116 -92 0
-134 -106 0
-152 -120 0
-26 -20 0
-44 -32 0
-62 -44 0
-80 -56 0
-98 -68 0
-116 -80 0
-134 -92 0
-152 -104 0
-26 -19 0
-44 -30 0
-62 -41 0
-80 -52 0
-98 -63 0
-116 -74 0
-134 -85 0
-152 -96 0
-26 -18 0
-44 -28 0
-62 -38 0
-80 -48 0
-98 -58 0
-116 -68 0
-134 -78 0
-152 -88 0
-26 -12 0
-44 -16 0
-62 -20 0
-80 -24 0
-98 -28 0
-116 -32 0
-134 -36 0
-152 -40 0
-26 -11 0
-44 -14 0
-62 -17 0
-80 -20 0
-98 -23 0
-116 -26 0
-134 -29 0
-152 -32 0
-25 -24 0
-42 -40 0
-59 -56 0
-76 -72 0
-93 -88 0
-110 -104 0
-127 -120 0
-144 -136 0
-25 -23 0
-42 -38 0
-59 -53 0
-76 -68 0
-93 -83 0
-110 -98 0
-127 -113 0
-144 -128 0
-25 -22 0
-42 -36 0
-59 -50 0
-76 -64 0
-93 -78 0
-110 -92 0
-127 -106 0
-144 -120 0
-25 -19 0
-42 -30 0
-59 -41 0
-76 -52 0
-93 -63 0
-110 -74 0
-127 -85 0
-144 -96 0
-25 -18 0
-42 -28 0
-59 -38 0
-76 -48 0
-93 -58 0
-110 -68 0
-127 -78 0
-144 -88 0
-25 -17 0
-42 -26 0
-59 -35 0
-76 -44 0
-93 -53 0
-110 -62 0
-127 -71 0
-144 -80 0
-25 -16 0
-42 -24 0
-59 -32 0
-76 -40 0
-93 -48 0
-110 -56 0
-127 -64 0
-144 -72 0
-25 -14 0
-42 -20 0
-59 -26 0
-76 -32 0
-93 -38 0
-110 -44 0
-127 -50 0
-144 -56 0
-25 -8 0
-42 -8 0
-59 -8 0
-76 -8 0
-93 -8 0
-110 -8 0
-127 -8 0
-144 -8 0
-24 -23 0
-40 -38 0
-56 -53 0
-72 -68 0
-88 -83 0
-104 -98 0
-120 -113 0
-136 -128 0
-24 -19 0
-40 -30 0
-56 -41 0
-72 -52 0
-88 -63 0
-104 -74 0
-120 -85 0
-136 -96 0
-24 -16 0
-40 -24 0
-56 -32 0
-72 -40 0
-88 -48 0
-104 -56 0
-120 -64 0
-136 -72 0
-24 -15 0
-40 -22 0
-56 -29 0
-72 -36 0
-88 -43 0
-104 -50 0
-120 -57 0
-136 -64 0
-24 -14 0
-40 -20 0
-56 -26 0
-72 -32 0
-88 -38 0
-104 -44 0
-120 -50 0
-136 -56 0
-24 -13 0
-40 -18 0
-56 -23 0
-72 -28 0
-88 -33 0
-104 -38 0
-120 -43 0
-136 -48 0
-24 -12 0
-40 -16 0
-56 -20 0
-72 -24 0
-88 -28 0
-104 -32 0
-120 -36 0
-136 -40 0
-24 -8 0
-40 -8 0
-56 -8 0
-72 -8 0
-88 -8 0
-104 -8 0
-120 -8 0
-136 -8 0
-23 -22 0
-38 -36 0
-53 -50 0
-68 -64 0
-83 -78 0
-98 -92 0
-113 -106 0
-128 -120 0
-23 -21 0
-38 -34 0
-53 -47 0
-68 -60 0
-83 -73 0
-98 -86 0
-113 -99 0
-128 -112 0
-23 -19 0
-38 -30 0
-53 -41 0
-68 -52 0
-83 -63 0
-98 -74 0
-113 -85 0
-128 -96 0
-23 -16 0
-38 -24 0
-53 -32 0
-68 -40 0
-83 -48 0
-98 -56 0
-113 -64 0
-128 -72 0
-23 -10 0
-38 -12 0
-53 -14 0
-68 -16 0
-83 -18 0
-98 -20 0
-113 -22 0
-128 -24 0
-23 -8 0
-38 -8 0
-53 -8 0
-68 -8 0
-83 -8 0
-98 -8 0
-113 -8 0
-128 -8 0
-22 -20 0
-36 -32 0
-50 -44 0
-64 -56 0
-78 -68 0
-92 -80 0
-106 -92 0
-120 -104 0
-22 -19 0
-36 -30 0
-50 -41 0
-64 -52 0
-78 -63 0
-92 -74 0
-106 -85 0
-120 -96 0
-22 -18 0
-36 -28 0
-50 -38 0
-64 -48 0
-78 -58 0
-92 -68 0
-106 -78 0
-120 -88 0
-22 -17 0
-36 -26 0
-50 -35 0
-64 -44 0
-78 -53 0
-92 -62 0
-106 -71 0
-120 -80 0
-22 -13 0
-36 -18 0
-50 -23 0
-64 -28 0
-78 -33 0
-92 -38 0
-106 -43 0
-120 -48 0
-22 -12 0
-36 -16 0
-50 -20 0
-64 -24 0
-78 -28 0
-92 -32 0
-106 -36 0
-120 -40 0
-22 -11 0
-36 -14 0
-50 -17 0
-64 -20 0
-78 -23 0
-92 -26 0
-106 -29 0
-120 -32 0
-22 -9 0
-36 -10 0
-50 -11 0
-64 -12 0
-78 -13 0
-92 -14 0
-106 -15 0
-120 -16 0
-22 -8 0
-36 -8 0
-50 -8 0
-64 -8 0
-78 -8 0
-92 -8 0
-106 -8 0
-120 -8 0
-21 -19 0
-34 -30 0
-47 -41 0
-60 -52 0
-73 -63 0
-86 -74 0
-99 -85 0
-112 -96 0
-21 -15 0
-34 -22 0
-47 -29 0
-60 -36 0
-73 -43 0
-86 -50 0
-99 -57 0
-112 -64 0
-21 -14 0
-34 -20 0
-47 -26 0
-60 -32 0
-73 -38 0
-86 -44 0
-99 -50 0
-112 -56 0
-21 -13 0
-34 -18 0
-47 -23 0
-60 -28 0
-73 -33 0
-86 -38 0
-99 -43 0
-112 -48 0
-21 -10 0
-34 -12 0
-47 -14 0
-60 -16 0
-73 -18 0
-86 -20 0
-99 -22 0
-112 -24 0
-20 -18 0
-32 -28 0
-44 -38 0
-56 -48 0
-68 -58 0
-80 -68 0
-92 -78 0
-104 -88 0
-20 -17 0
-32 -26 0
-44 -35 0
-56 -44 0
-68 -53 0
-80 -62 0
-92 -71 0
-104 -80 0
-20 -16 0
-32 -24 0
-44 -32 0
-56 -40 0
-68 -48 0
-80 -56 0
-92 -64 0
-104 -72 0
-20 -15 0
-32 -22 0
-44 -29 0
-56 -36 0
-68 -43 0
-80 -50 0
-92 -57 0
-104 -64 0
-20 -13 0
-32 -18 0
-44 -23 0
-56 -28 0
-68 -33 0
-80 -38 0
-92 -43 0
-104 -48 0
-20 -12 0
-32 -16 0
-44 -20 0
-56 -24 0
-68 -28 0
-80 -32 0
-92 -36 0
-104 -40 0
-20 -11 0
-32 -14 0
-44 -17 0
-56 -20 0
-68 -23 0
-80 -26 0
-92 -29 0
-104 -32 0
-20 -8 0
-32 -8 0
-44 -8 0
-56 -8 0
-68 -8 0
-80 -8 0
-92 -8 0
-104 -8 0
-19 -10 0
-30 -12 0
-41 -14 0
-52 -16 0
-63 -18 0
-74 -20 0
-85 -22 0
-96 -24 0
-19 -8 0
-30 -8 0
-41 -8 0
-52 -8 0
-63 -8 0
-74 -8 0
-85 -8 0
-96 -8 0
-18 -17 0
-28 -26 0
-38 -35 0
-48 -44 0
-58 -53 0
-68 -62 0
-78 -71 0
-88 -80 0
-18 -12 0
-28 -16 0
-38 -20 0
-48 -24 0
-58 -28 0
-68 -32 0
-78 -36 0
-88 -40 0
-18 -11 0
-28 -14 0
-38 -17 0
-48 -20 0
-58 -23 0
-68 -26 0
-78 -29 0
-88 -32 0
-18 -8 0
-28 -8 0
-38 -8 0
-48 -8 0
-58 -8 0
-68 -8 0
-78 -8 0
-88 -8 0
-17 -15 0
-26 -22 0
-35 -29 0
-44 -36 0
-53 -43 0
-62 -50 0
-71 -57 0
-80 -64 0
-17 -12 0
-26 -16 0
-35 -20 0
-44 -24 0
-53 -28 0
-62 -32 0
-71 -36 0
-80 -40 0
-17 -11 0
-26 -14 0
-35 -17 0
-44 -20 0
-53 -23 0
-62 -26 0
-71 -29 0
-80 -32 0
-17 -9 0
-26 -10 0
-35 -11 0
-44 -12 0
-53 -13 0
-62 -14 0
-71 -15 0
-80 -16 0
-16 -15 0
-24 -22 0
-32 -29 0
-40 -36 0
-48 -43 0
-56 -50 0
-64 -57 0
-72 -64 0
-16 -14 0
-24 -20 0
-32 -26 0
-40 -32 0
-48 -38 0
-56 -44 0
-64 -50 0
-72 -56 0
-16 -13 0
-24 -18 0
-32 -23 0
-40 -28 0
-48 -33 0
-56 -38 0
-64 -43 0
-72 -48 0
-16 -12 0
-24 -16 0
-32 -20 0
-40 -24 0
-48 -28 0
-56 -32 0
-64 -36 0
-72 -40 0
-16 -10 0
-24 -12 0
-32 -14 0
-40 -16 0
-48 -18 0
-56 -20 0
-64 -22 0
-72 -24 0
-16 -8 0
-24 -8 0
-32 -8 0
-40 -8 0
-48 -8 0
-56 -8 0
-64 -8 0
-72 -8 0
-15 -14 0
-22 -20 0
-29 -26 0
-36 -32 0
-43 -38 0
-50 -44 0
-57 -50 0
-64 -56 0
-15 -13 0
-22 -18 0
-29 -23 0
-36 -28 0
-43 -33 0
-50 -38 0
-57 -43 0
-64 -48 0
-15 -10 0
-22 -12 0
-29 -14 0
-36 -16 0
-43 -18 0
-50 -20 0
-57 -22 0
-64 -24 0
-15 -9 0
-22 -10 0
-29 -11 0
-36 -12 0
-43 -13 0
-50 -14 0
-57 -15 0
-64 -16 0
-14 -10 0
-20 -12 0
-26 -14 0
-32 -16 0
-38 -18 0
-44 -20 0
-50 -22 0
-56 -24 0
-13 -12 0
-18 -16 0
-23 -20 0
-28 -24 0
-33 -28 0
-38 -32 0
-43 -36 0
-48 -40 0
-13 -11 0
-18 -14 0
-23 -17 0
-28 -20 0
-33 -23 0
-38 -26 0
-43 -29 0
-48 -32 0
-13 -10 0
-18 -12 0
-23 -14 0
-28 -16 0
-33 -18 0
-38 -20 0
-43 -22 0
-48 -24 0
-13 -9 0
-18 -10 0
-23 -11 0
-28 -12 0
-33 -13 0
-38 -14 0
-43 -15 0
-48 -16 0
-12 -10 0
-16 -12 0
-20 -14 0
-24 -16 0
-28 -18 0
-32 -20 0
-36 -22 0
-40 -24 0
-12 -9 0
-16 -10 0
-20 -11 0
-24 -12 0
-28 -13 0
-32 -14 0
-36 -15 0
-40 -16 0
-11 -10 0
-14 -12 0
-17 -14 0
-20 -16 0
-23 -18 0
-26 -20 0
-29 -22 0
-32 -24 0
-11 -9 0
-14 -10 0
-17 -11 0
-20 -12 0
-23 -13 0
-26 -14 0
-29 -15 0
-32 -16 0
-10 -9 0
-12 -10 0
-14 -11 0
-16 -12 0
-18 -13 0
-20 -14 0
-22 -15 0
-24 -16 0
57 106 155 204 253 302 351 400 0
-57 -106 0
-57 -155 0
-57 -204 0
-57 -253 0
-57 -302 0
-57 -351 0
-57 -400 0
-106 -155 0
-106 -204 0
-106 -253 0
-106 -302 0
-106 -351 0
-106 -400 0
-155 -204 0
-155 -253 0
-155 -302 0
-155 -351 0
-155 -400 0
-204 -253 0
-204 -302 0
-204 -351 0
-204 -400 0
-253 -302 0
-253 -351 0
-253 -400 0
-302 -351 0
-302 -400 0
-351 -400 0
56 104 152 200 248 296 344 392 0
-56 -104 0
-56 -152 0
-56 -200 0
-56 -248 0
-56 -296 0
-56 -344 0
-56 -392 0
-104 -152 0
-104 -200 0
-104 -248 0
-104 -296 0
-104 -344 0
-104 -392 0
-152 -200 0
-152 -248 0
-152 -296 0
-152 -344 0
-152 -392 0
-200 -248 0
-200 -296 0
-200 -344 0
-200 -392 0
-248 -296 0
-248 -344 0
-248 -392 0
-296 -344 0
-296 -392 0
-344 -392 0
55 102 149 196 243 290 337 384 0
-55 -102 0
-55 -149 0
-55 -196 0
-55 -243 0
-55 -290 0
-55 -337 0
-55 -384 0
-102 -149 0
-102 -196 0
-102 -243 0
-102 -290 0
-102 -337 0
-102 -384 0
-149 -196 0
-149 -243 0
-149 -290 0
-149 -337 0
-149 -384 0
-196 -243 0
-196 -290 0
-196 -337 0
-196 -384 0
-243 -290 0
-243 -337 0
-243 -384 0
-290 -337 0
-290 -384 0
-337 -384 0
54 100 146 192 238 284 330 376 0
-54 -100 0
-54 -146 0
-54 -192 0
-54 -238 0
-54 -284 0
-54 -330 0
-54 -376 0
-100 -146 0
-100 -192 0
-100 -238 0
-100 -284 0
-100 -330 0
-100 -376 0
-146 -192 0
-146 -238 0
-146 -284 0
-146 -330 0
-146 -376 0
-192 -238 0
-192 -284 0
-192 -330 0
-192 -376 0
-238 -284 0
-238 -330 0
-238 -376 0
-284 -330 0
-284 -376 0
-330 -376 0
53 98 143 188 233 278 323 368 0
-53 -98 0
-53 -143 0
-53 -188 0
-53 -233 0
-53 -278 0
-53 -323 0
-53 -368 0
-98 -143 0
-98 -188 0
-98 -233 0
-98 -278 0
-98 -323 0
-98 -368 0
-143 -188 0
-143 -233 0
-143 -278 0
-143 -323 0
-143 -368 0
-188 -233 0
-188 -278 0
-188 -323 0
-188 -368 0
-233 -278 0
-233 -323 0
-233 -368 0
-278 -323 0
-278 -368 0
-323 -368 0
52 96 140 184 228 272 316 360 0
-52 -96 0
-52 -140 0
-52 -184 0
-52 -228 0
-52 -272 0
-52 -316 0
-52 -360 0
-96 -140 0
-96 -184 0
-96 -228 0
-96 -272 0
-96 -316 0
-96 -360 0
-140 -184 0
-140 -228 0
-140 -272 0
-140 -316 0
-140 -360 0
-184 -228 0
-184 -272 0
-184 -316 0
-184 -360 0
-228 -272 0
-228 -316 0
-228 -360 0
-272 -316 0
-272 -360 0
-316 -360 0
51 94 137 180 223 266 309 352 0
-51 -94 0
-51 -137 0
-51 -180 0
-51 -223 0
-51 -266 0
-51 -309 0
-51 -352 0
-94 -137 0
-94 -180 0
-94 -223 0
-94 -266 0
-94 -309 0
-94 -352 0
-137 -180 0
-137 -223 0
-137 -266 0
-137 -309 0
-137 -352 0
-180 -223 0
-180 -266 0
-180 -309 0
-180 -352 0
-223 -266 0
-223 -309 0
-223 -352 0
-266 -309 0
-266 -352 0
-309 -352 0
50 92 134 176 218 260 302 344 0
-50 -92 0
-50 -134 0
-50 -176 0
-50 -218 0
-50 -260 0
-50 -302 0
-50 -344 0
-92 -134 0
-92 -176 0
-92 -218 0
-92 -260 0
-92 -302 0
-92 -344 0
-134 -176 0
-134 -218 0
-134 -260 0
-134 -302 0
-134 -344 0
-176 -218 0
-176 -260 0
-176 -302 0
-176 -344 0
-218 -260 0
-218 -302 0
-218 -344 0
-260 -302 0
-260 -344 0
-302 -344 0
49 90 131 172 213 254 295 336 0
-49 -90 0
-49 -131 0
-49 -172 0
-49 -213 0
-49 -254 0
-49 -295 0
-49 -336 0
-90 -131 0
-90 -172 0
-90 -213 0
-90 -254 0
-90 -295 0
-90 -336 0
-131 -172 0
-131 -213 0
-131 -254 0
-131 -295 0
-131 -336 0
-172 -213 0
-172 -254 0
-172 -295 0
-172 -336 0
-213 -254 0
-213 -295 0
-213 -336 0
-254 -295 0
-254 -336 0
-295 -336 0
48 88 128 168 208 248 288 328 0
-48 -88 0
-48 -128 0
-48 -168 0
-48 -208 0
-48 -248 0
-48 -288 0
-48 -328 0
-88 -128 0
-88 -168 0
-88 -208 0
-88 -248 0
-88 -288 0
-88 -328 0
-128 -168 0
-128 -208 0
-128 -248 0
-128 -288 0
-128 -328 0
-168 -208 0
-168 -248 0
-168 -288 0
-168 -328 0
-208 -248 0
-208 -288 0
-208 -328 0
-248 -288 0
-248 -328 0
-288 -328 0
47 86 125 164 203 242 281 320 0
-47 -86 0
-47 -125 0
-47 -164 0
-47 -203 0
-47 -242 0
-47 -281 0
-47 -320 0
-86 -125 0
-86 -164 0
-86 -203 0
-86 -242 0
-86 -281 0
-86 -320 0
-125 -164 0
-125 -203 0
-125 -242 0
-125 -281 0
-125 -320 0
-164 -203 0
-164 -242 0
-164 -281 0
-164 -320 0
-203 -242 0
-203 -281 0
-203 -320 0
-242 -281 0
-242 -320 0
-281 -320 0
46 84 122 160 198 236 274 312 0
-46 -84 0
-46 -122 0
-46 -160 0
-46 -198 0
-46 -236 0
-46 -274 0
-46 -312 0
-84 -122 0
-84 -160 0
-84 -198 0
-84 -236 0
-84 -274 0
-84 -312 0
-122 -160 0
-122 -198 0
-122 -236 0
-122 -274 0
-122 -312 0
-160 -198 0
-160 -236 0
-160 -274 0
-160 -312 0
-198 -236 0
-198 -274 0
-198 -312 0
-236 -274 0
-236 -312 0
-274 -312 0
45 82 119 156 193 230 267 304 0
-45 -82 0
-45 -119 0
-45 -156 0
-45 -193 0
-45 -230 0
-45 -267 0
-45 -304 0
-82 -119 0
-82 -156 0
-82 -193 0
-82 -230 0
-82 -267 0
-82 -304 0
-119 -156 0
-119 -193 0
-119 -230 0
-119 -267 0
-119 -304 0
-156 -193 0
-156 -230 0
-156 -267 0
-156 -304 0
-193 -230 0
-193 -267 0
-193 -304 0
-230 -267 0
-230 -304 0
-267 -304 0
44 80 116 152 188 224 260 296 0
-44 -80 0
-44 -116 0
-44 -152 0
-44 -188 0
-44 -224 0
-44 -260 0
-44 -296 0
-80 -116 0
-80 -152 0
-80 -188 0
-80 -224 0
-80 -260 0
-80 -296 0
-116 -152 0
-116 -188 0
-116 -224 0
-116 -260 0
-116 -296 0
-152 -188 0
-152 -224 0
-152 -260 0
-152 -296 0
-188 -224 0
-188 -260 0
-188 -296 0
-224 -260 0
-224 -296 0
-260 -296 0
43 78 113 148 183 218 253 288 0
-43 -78 0
-43 -113 0
-43 -148 0
-43 -183 0
-43 -218 0
-43 -253 0
-43 -288 0
-78 -113 0
-78 -148 0
-78 -183 0
-78 -218 0
-78 -253 0
-78 -288 0
-113 -148 0
-113 -183 0
-113 -218 0
-113 -253 0
-113 -288 0
-148 -183 0
-148 -218 0
-148 -253 0
-148 -288 0
-183 -218 0
-183 -253 0
-183 -288 0
-218 -253 0
-218 -288 0
-253 -288 0
42 76 110 144 178 212 246 280 0
-42 -76 0
-42 -110 0
-42 -144 0
-42 -178 0
-42 -212 0
-42 -246 0
-42 -280 0
-76 -110 0
-76 -144 0
-76 -178 0
-76 -212 0
-76 -246 0
-76 -280 0
-110 -144 0
-110 -178 0
-110 -212 0
-110 -246 0
-110 -280 0
-144 -178 0
-144 -212 0
-144 -246 0
-144 -280 0
-178 -212 0
-178 -246 0
-178 -280 0
-212 -246 0
-212 -280 0
-246 -280 0
41 74 107 140 173 206 239 272 0
-41 -74 0
-41 -107 0
-41 -140 0
-41 -173 0
-41 -206 0
-41 -239 0
-41 -272 0
-74 -107 0
-74 -140 0
-74 -173 0
-74 -206 0
-74 -239 0
-74 -272 0
-107 -140 0
-107 -173 0
-107 -206 0
-107 -239 0
-107 -272 0
-140 -173 0
-140 -206 0
-140 -239 0
-140 -272 0
-173 -206 0
-173 -239 0
-173 -272 0
-206 -239 0
-206 -272 0
-239 -272 0
40 72 104 136 168 200 232 264 0
-40 -72 0
-40 -104 0
-40 -136 0
-40 -168 0
-40 -200 0
-40 -232 0
-40 -264 0
-72 -104 0
-72 -136 0
-72 -168 0
-72 -200 0
-72 -232 0
-72 -264 0
-104 -136 0
-104 -168 0
-104 -200 0
-104 -232 0
-104 -264 0
-136 -168 0
-136 -200 0
-136 -232 0
-136 -264 0
-168 -200 0
-168 -232 0
-168 -264 0
-200 -232 0
-200 -264 0
-232 -264 0
39 70 101 132 163 194 225 256 0
-39 -70 0
-39 -101 0
-39 -132 0
-39 -163 0
-39 -194 0
-39 -225 0
-39 -256 0
-70 -101 0
-70 -132 0
-70 -163 0
-70 -194 0
-70 -225 0
-70 -256 0
-101 -132 0
-101 -163 0
-101 -194 0
-101 -225 0
-101 -256 0
-132 -163 0
-132 -194 0
-132 -225 0
-132 -256 0
-163 -194 0
-163 -225 0
-163 -256 0
-194 -225 0
-194 -256 0
-225 -256 0
38 68 98 128 158 188 218 248 0
-38 -68 0
-38 -98 0
-38 -128 0
-38 -158 0
-38 -188 0
-38 -218 0
-38 -248 0
-68 -98 0
-68 -128 0
-68 -158 0
-68 -188 0
-68 -218 0
-68 -248 0
-98 -128 0
-98 -158 0
-98 -188 0
-98 -218 0
-98 -248 0
-128 -158 0
-128 -188 0
-128 -218 0
-128 -248 0
-158 -188 0
-158 -218 0
-158 -248 0
-188 -218 0
-188 -248 0
-218 -248 0
37 66 95 124 153 182 211 240 0
-37 -66 0
-37 -95 0
-37 -124 0
-37 -153 0
-37 -182 0
-37 -211 0
-37 -240 0
-66 -95 0
-66 -124 0
-66 -153 0
-66 -182 0
-66 -211 0
-66 -240 0
-95 -124 0
-95 -153 0
-95 -182 0
-95 -211 0
-95 -240 0
-124 -153 0
-124 -182 0
-124 -211 0
-124 -240 0
-153 -182 0
-153 -211 0
-153 -240 0
-182 -211 0
-182 -240 0
-211 -240 0
36 64 92 120 148 176 204 232 0
-36 -64 0
-36 -92 0
-36 -120 0
-36 -148 0
-36 -176 0
-36 -204 0
-36 -232 0
-64 -92 0
-64 -120 0
-64 -148 0
-64 -176 0
-64 -204 0
-64 -232 0
-92 -120 0
-92 -148 0
-92 -176 0
-92 -204 0
-92 -232 0
-120 -148 0
-120 -176 0
-120 -204 0
-120 -232 0
-148 -176 0
-148 -204 0
-148 -232 0
-176 -204 0
-176 -232 0
-204 -232 0
35 62 89 116 143 170 197 224 0
-35 -62 0
-35 -89 0
-35 -116 0
-35 -143 0
-35 -170 0
-35 -197 0
-35 -224 0
-62 -89 0
-62 -116 0
-62 -143 0
-62 -170 0
-62 -197 0
-62 -224 0
-89 -116 0
-89 -143 0
-89 -170 0
-89 -197 0
-89 -224 0
-116 -143 0
-116 -170 0
-116 -197 0
-116 -224 0
-143 -170 0
-143 -197 0
-143 -224 0
-170 -197 0
-170 -224 0
-197 -224 0
34 60 86 112 138 164 190 216 0
-34 -60 0
-34 -86 0
-34 -112 0
-34 -138 0
-34 -164 0
-34 -190 0
-34 -216 0
-60 -86 0
-60 -112 0
-60 -138 0
-60 -164 0
-60 -190 0
-60 -216 0
-86 -112 0
-86 -138 0
-86 -164 0
-86 -190 0
-86 -216 0
-112 -138 0
-112 -164 0
-112 -190 0
-112 -216 0
-138 -164 0
-138 -190 0
-138 -216 0
-164 -190 0
-164 -216 0
-190 -216 0
33 58 83 108 133 158 183 208 0
-33 -58 0
-33 -83 0
-33 -108 0
-33 -133 0
-33 -158 0
-33 -183 0
-33 -208 0
-58 -83 0
-58 -108 0
-58 -133 0
-58 -158 0
-58 -183 0
-58 -208 0
-83 -108 0
-83 -133 0
-83 -158 0
-83 -183 0
-83 -208 0
-108 -133 0
-108 -158 0
-108 -183 0
-108 -208 0
-133 -158 0
-133 -183 0
-133 -208 0
-158 -183 0
-158 -208 0
-183 -208 0
32 56 80 104 128 152 176 200 0
-32 -56 0
-32 -80 0
-32 -104 0
-32 -128 0
-32 -152 0
-32 -176 0
-32 -200 0
-56 -80 0
-56 -104 0
-56 -128 0
-56 -152 0
-56 -176 0
-56 -200 0
-80 -104 0
-80 -128 0
-80 -152 0
-80 -176 0
-80 -200 0
-104 -128 0
-104 -152 0
-104 -176 0
-104 -200 0
-128 -152 0
-128 -176 0
-128 -200 0
-152 -176 0
-152 -200 0
-176 -200 0
31 54 77 100 123 146 169 192 0
-31 -54 0
-31 -77 0
-31 -100 0
-31 -123 0
-31 -146 0
-31 -169 0
-31 -192 0
-54 -77 0
-54 -100 0
-54 -123 0
-54 -146 0
-54 -169 0
-54 -192 0
-77 -100 0
-77 -123 0
-77 -146 0
-77 -169 0
-77 -192 0
-100 -123 0
-100 -146 0
-100 -169 0
-100 -192 0
-123 -146 0
-123 -169 0
-123 -192 0
-146 -169 0
-146 -192 0
-169 -192 0
30 52 74 96 118 140 162 184 0
-30 -52 0
-30 -74 0
-30 -96 0
-30 -118 0
-30 -140 0
-30 -162 0
-30 -184 0
-52 -74 0
-52 -96 0
-52 -118 0
-52 -140 0
-52 -162 0
-52 -184 0
-74 -96 0
-74 -118 0
-74 -140 0
-74 -162 0
-74 -184 0
-96 -118 0
-96 -140 0
-96 -162 0
-96 -184 0
-118 -140 0
-118 -162 0
-118 -184 0
-140 -162 0
-140 -184 0
-162 -184 0
29 50 71 92 113 134 155 176 0
-29 -50 0
-29 -71 0
-29 -92 0
-29 -113 0
-29 -134 0
-29 -155 0
-29 -176 0
-50 -71 0
-50 -92 0
-50 -113 0
-50 -134 0
-50 -155 0
-50 -176 0
-71 -92 0
-71 -113 0
-71 -134 0
-71 -155 0
-71 -176 0
-92 -113 0
-92 -134 0
-92 -155 0
-92 -176 0
-113 -134 0
-113 -155 0
-113 -176 0
-134 -155 0
-134 -176 0
-155 -176 0
28 48 68 88 108 128 148 168 0
-28 -48 0
-28 -68 0
-28 -88 0
-28 -108 0
-28 -128 0
-28 -148 0
-28 -168 0
-48 -68 0
-48 -88 0
-48 -108 0
-48 -128 0
-48 -148 0
-48 -168 0
-68 -88 0
-68 -108 0
-68 -128 0
-68 -148 0
-68 -168 0
-88 -108 0
-88 -128 0
-88 -148 0
-88 -168 0
-108 -128 0
-108 -148 0
-108 -168 0
-128 -148 0
-128 -168 0
-148 -168 0
27 46 65 84 103 122 141 160 0
-27 -46 0
-27 -65 0
-27 -84 0
-27 -103 0
-27 -122 0
-27 -141 0
-27 -160 0
-46 -65 0
-46 -84 0
-46 -103 0
-46 -122 0
-46 -141 0
-46 -160 0
-65 -84 0
-65 -103 0
-65 -122 0
-65 -141 0
-65 -160 0
-84 -103 0
-84 -122 0
-84 -141 0
-84 -160 0
-103 -122 0
-103 -141 0
-103 -160 0
-122 -141 0
-122 -160 0
-141 -160 0
26 44 62 80 98 116 134 152 0
-26 -44 0
-26 -62 0
-26 -80 0
-26 -98 0
-26 -116 0
-26 -134 0
-26 -152 0
-44 -62 0
-44 -80 0
-44 -98 0
-44 -116 0
-44 -134 0
-44 -152 0
-62 -80 0
-62 -98 0
-62 -116 0
-62 -134 0
-62 -152 0
-80 -98 0
-80 -116 0
-80 -134 0
-80 -152 0
-98 -116 0
-98 -134 0
-98 -152 0
-116 -134 0
-116 -152 0
-134 -152 0
25 42 59 76 93 110 127 144 0
-25 -42 0
-25 -59 0
-25 -76 0
-25 -93 0
-25 -110 0
-25 -127 0
-25 -144 0
-42 -59 0
-42 -76 0
-42 -93 0
-42 -110 0
-42 -127 0
-42 -144 0
-59 -76 0
-59 -93 0
-59 -110 0
-59 -127 0
-59 -144 0
-76 -93 0
-76 -110 0
-76 -127 0
-76 -144 0
-93 -110 0
-93 -127 0
-93 -144 0
-110 -127 0
-110 -144 0
-127 -144 0
24 40 56 72 88 104 120 136 0
-24 -40 0
-24 -56 0
-24 -72 0
-24 -88 0
-24 -104 0
-24 -120 0
-24 -136 0
-40 -56 0
-40 -72 0
-40 -88 0
-40 -104 0
-40 -120 0
-40 -136 0
-56 -72 0
-56 -88 0
-56 -104 0
-56 -120 0
-56 -136 0
-72 -88 0
-72 -104 0
-72 -120 0
-72 -136 0
-88 -104 0
-88 -120 0
-88 -136 0
-104 -120 0
-104 -136 0
-120 -136 0
23 38 53 68 83 98 113 128 0
-23 -38 0
-23 -53 0
-23 -68 0
-23 -83 0
-23 -98 0
-23 -113 0
-23 -128 0
-38 -53 0
-38 -68 0
-38 -83 0
-38 -98 0
-38 -113 0
-38 -128 0
-53 -68 0
-53 -83 0
-53 -98 0
-53 -113 0
-53 -128 0
-68 -83 0
-68 -98 0
-68 -113 0
-68 -128 0
-83 -98 0
-83 -113 0
-83 -128 0
-98 -113 0
-98 -128 0
-113 -128 0
22 36 50 64 78 92 106 120 0
-22 -36 0
-22 -50 0
-22 -64 0
-22 -78 0
-22 -92 0
-22 -106 0
-22 -120 0
-36 -50 0
-36 -64 0
-36 -78 0
-36 -92 0
-36 -106 0
-36 -120 0
-50 -64 0
-50 -78 0
-50 -92 0
-50 -106 0
-50 -120 0
-64 -78 0
-64 -92 0
-64 -106 0
-64 -120 0
-78 -92 0
-78 -106 0
-78 -120 0
-92 -106 0
-92 -120 0
-106 -120 0
21 34 47 60 73 86 99 112 0
-21 -34 0
-21 -47 0
-21 -60 0
-21 -73 0
-21 -86 0
-21 -99 0
-21 -112 0
-34 -47 0
-34 -60 0
-34 -73 0
-34 -86 0
-34 -99 0
-34 -112 0
-47 -60 0
-47 -73 0
-47 -86 0
-47 -99 0
-47 -112 0
-60 -73 0
-60 -86 0
-60 -99 0
-60 -112 0
-73 -86 0
-73 -99 0
-73 -112 0
-86 -99 0
-86 -112 0
-99 -112 0
20 32 44 56 68 80 92 104 0
-20 -32 0
-20 -44 0
-20 -56 0
-20 -68 0
-20 -80 0
-20 -92 0
-20 -104 0
-32 -44 0
-32 -56 0
-32 -68 0
-32 -80 0
-32 -92 0
-32 -104 0
-44 -56 0
-44 -68 0
-44 -80 0
-44 -92 0
-44 -104 0
-56 -68 0
-56 -80 0
-56 -92 0
-56 -104 0
-68 -80 0
-68 -92 0
-68 -104 0
-80 -92 0
-80 -104 0
-92 -104 0
19 30 41 52 63 74 85 96 0
-19 -30 0
-19 -41 0
-19 -52 0
-19 -63 0
-19 -74 0
-19 -85 0
-19 -96 0
-30 -41 0
-30 -52 0
-30 -63 0
-30 -74 0
-30 -85 0
-30 -96 0
-41 -52 0
-41 -63 0
-41 -74 0
-41 -85 0
-41 -96 0
-52 -63 0
-52 -74 0
-52 -85 0
-52 -96 0
-63 -74 0
-63 -85 0
-63 -96 0
-74 -85 0
-74 -96 0
-85 -96 0
18 28 38 48 58 68 78 88 0
-18 -28 0
-18 -38 0
-18 -48 0
-18 -58 0
-18 -68 0
-18 -78 0
-18 -88 0
-28 -38 0
-28 -48 0
-28 -58 0
-28 -68 0
-28 -78 0
-28 -88 0
-38 -48 0
-38 -58 0
-38 -68 0
-38 -78 0
-38 -88 0
-48 -58 0
-48 -68 0
-48 -78 0
-48 -88 0
-58 -68 0
-58 -78 0
-58 -88 0
-68 -78 0
-68 -88 0
-78 -88 0
17 26 35 44 53 62 71 80 0
-17 -26 0
-17 -35 0
-17 -44 0
-17 -53 0
-17 -62 0
-17 -71 0
-17 -80 0
-26 -35 0
-26 -44 0
-26 -53 0
-26 -62 0
-26 -71 0
-26 -80 0
-35 -44 0
-35 -53 0
-35 -62 0
-35 -71 0
-35 -80 0
-44 -53 0
-44 -62 0
-44 -71 0
-44 -80 0
-53 -62 0
-53 -71 0
-53 -80 0
-62 -71 0
-62 -80 0
-71 -80 0
16 24 32 40 48 56 64 72 0
-16 -24 0
-16 -32 0
-16 -40 0
-16 -48 0
-16 -56 0
-16 -64 0
-16 -72 0
-24 -32 0
-24 -40 0
-24 -48 0
-24 -56 0
-24 -64 0
-24 -72 0
-32 -40 0
-32 -48 0
-32 -56 0
-32 -64 0
-32 -72 0
-40 -48 0
-40 -56 0
-40 -64 0
-40 -72 0
-48 -56 0
-48 -64 0
-48 -72 0
-56 -64 0
-56 -72 0
-64 -72 0
15 22 29 36 43 50 57 64 0
-15 -22 0
-15 -29 0
-15 -36 0
-15 -43 0
-15 -50 0
-15 -57 0
-15 -64 0
-22 -29 0
-22 -36 0
-22 -43 0
-22 -50 0
-22 -57 0
-22 -64 0
-29 -36 0
-29 -43 0
-29 -50 0
-29 -57 0
-29 -64 0
-36 -43 0
-36 -50 0
-36 -57 0
-36 -64 0
-43 -50 0
-43 -57 0
-43 -64 0
-50 -57 0
-50 -64 0
-57 -64 0
14 20 26 32 38 44 50 56 0
-14 -20 0
-14 -26 0
-14 -32 0
-14 -38 0
-14 -44 0
-14 -50 0
-14 -56 0
-20 -26 0
-20 -32 0
-20 -38 0
-20 -44 0
-20 -50 0
-20 -56 0
-26 -32 0
-26 -38 0
-26 -44 0
-26 -50 0
-26 -56 0
-32 -38 0
-32 -44 0
-32 -50 0
-32 -56 0
-38 -44 0
-38 -50 0
-38 -56 0
-44 -50 0
-44 -56 0
-50 -56 0
13 18 23 28 33 38 43 48 0
-13 -18 0
-13 -23 0
-13 -28 0
-13 -33 0
-13 -38 0
-13 -43 0
-13 -48 0
-18 -23 0
-18 -28 0
-18 -33 0
-18 -38 0
-18 -43 0
-18 -48 0
-23 -28 0
-23 -33 0
-23 -38 0
-23 -43 0
-23 -48 0
-28 -33 0
-28 -38 0
-28 -43 0
-28 -48 0
-33 -38 0
-33 -43 0
-33 -48 0
-38 -43 0
-38 -48 0
-43 -48 0
12 16 20 24 28 32 36 40 0
-12 -16 0
-12 -20 0
-12 -24 0
-12 -28 0
-12 -32 0
-12 -36 0
-12 -40 0
-16 -20 0
-16 -24 0
-16 -28 0
-16 -32 0
-16 -36 0
-16 -40 0
-20 -24 0
-20 -28 0
-20 -32 0
-20 -36 0
-20 -40 0
-24 -28 0
-24 -32 0
-24 -36 0
-24 -40 0
-28 -32 0
-28 -36 0
-28 -40 0
-32 -36 0
-32 -40 0
-36 -40 0
11 14 17 20 23 26 29 32 0
-11 -14 0
-11 -17 0
-11 -20 0
-11 -23 0
-11 -26 0
-11 -29 0
-11 -32 0
-14 -17 0
-14 -20 0
-14 -23 0
-14 -26 0
-14 -29 0
-14 -32 0
-17 -20 0
-17 -23 0
-17 -26 0
-17 -29 0
-17 -32 0
-20 -23 0
-20 -26 0
-20 -29 0
-20 -32 0
-23 -26 0
-23 -29 0
-23 -32 0
-26 -29 0
-26 -32 0
-29 -32 0
10 12 14 16 18 20 22 24 0
-10 -12 0
-10 -14 0
-10 -16 0
-10 -18 0
-10 -20 0
-10 -22 0
-10 -24 0
-12 -14 0
-12 -16 0
-12 -18 0
-12 -20 0
-12 -22 0
-12 -24 0
-14 -16 0
-14 -18 0
-14 -20 0
-14 -22 0
-14 -24 0
-16 -18 0
-16 -20 0
-16 -22 0
-16 -24 0
-18 -20 0
-18 -22 0
-18 -24 0
-20 -22 0
-20 -24 0
-22 -24 0
9 10 11 12 13 14 15 16 0
-9 -10 0
-9 -11 0
-9 -12 0
-9 -13 0
-9 -14 0
-9 -15 0
-9 -16 0
-10 -11 0
-10 -12 0
-10 -13 0
-10 -14 0
-10 -15 0
-10 -16 0
-11 -12 0
-11 -13 0
-11 -14 0
-11 -15 0
-11 -16 0
-12 -13 0
-12 -14 0
-12 -15 0
-12 -16 0
-13 -14 0
-13 -15 0
-13 -16 0
-14 -15 0
-14 -16 0
-15 -16 0
8 8 8 8 8 8 8 8 0
-8 -8 0
-8 -8 0
-8 -8 0
-8 -8 0
-8 -8 0
-8 -8 0
-8 -8 0
-8 -8 0
-8 -8 0
-8 -8 0
-8 -8 0
-8 -8 0
-8 -8 0
-8 -8 0
-8 -8 0
-8 -8 0
-8 -8 0
-8 -8 0
-8 -8 0
-8 -8 0
-8 -8 0
-8 -8 0
-8 -8 0
-8 -8 0
-8 -8 0
-8 -8 0
-8 -8 0
-8 -8 0
